
'food\log.txt'
'food\food.js'

//{{{  sf tuned feature weights 110  ~0

// data=data/sf14quiet-labeled.epd
// features=1033
// k=3.233
// loss=0.017099074975072896
// epochs=110
// last update Tue Feb 22 2022 08:39:01 GMT+0000 (Greenwich Mean Time)

const VALUE_VECTOR    = [0,100,394,390,597,1146,10000];
const WPAWN_PSTS      = [0,0,0,0,0,0,0,0,0,0,0,0,0,0,0,0,0,0,0,0,0,0,0,0,0,0,-15,-5,0,5,5,0,-5,-15,0,0,0,0,42,112,60,99,101,105,33,-23,0,0,0,0,-9,-4,11,6,53,75,37,-12,0,0,0,0,-25,1,-12,14,11,6,2,-37,0,0,0,0,-42,-38,-10,1,-3,4,-25,-46,0,0,0,0,-36,-39,-19,-19,-16,6,8,-22,0,0,0,0,-47,-29,-50,-35,-50,10,12,-38,0,0,0,0,-15,-5,0,5,5,0,-5,-15,0,0,0,0,0,0,0,0,0,0,0,0,0,0,0,0,0,0,0,0,0,0,0,0,0,0];
const WPAWN_PSTE      = [0,0,0,0,0,0,0,0,0,0,0,0,0,0,0,0,0,0,0,0,0,0,0,0,0,0,0,0,0,0,0,0,0,0,0,0,0,0,11,14,29,21,39,5,37,48,0,0,0,0,12,12,7,-3,-14,-11,9,14,0,0,0,0,8,-5,-10,-26,-22,-15,-6,0,0,0,0,0,2,-2,-16,-24,-18,-19,-11,-7,0,0,0,0,-11,-10,-16,-15,-8,-15,-26,-19,0,0,0,0,-3,-13,4,-5,11,-8,-21,-19,0,0,0,0,0,0,0,0,0,0,0,0,0,0,0,0,0,0,0,0,0,0,0,0,0,0,0,0,0,0,0,0,0,0,0,0,0,0];
const WKNIGHT_PSTS    = [0,0,0,0,0,0,0,0,0,0,0,0,0,0,0,0,0,0,0,0,0,0,0,0,0,0,-163,-85,-49,-48,30,-115,-45,-87,0,0,0,0,-82,-48,61,22,9,47,-2,-27,0,0,0,0,-46,30,13,41,68,102,45,48,0,0,0,0,0,25,5,33,35,64,27,34,0,0,0,0,2,19,21,16,35,30,31,3,0,0,0,0,-10,5,27,41,50,40,45,2,0,0,0,0,-13,-32,7,23,30,35,20,12,0,0,0,0,-107,-2,-30,-11,23,3,0,-4,0,0,0,0,0,0,0,0,0,0,0,0,0,0,0,0,0,0,0,0,0,0,0,0,0,0];
const WKNIGHT_PSTE    = [0,0,0,0,0,0,0,0,0,0,0,0,0,0,0,0,0,0,0,0,0,0,0,0,0,0,-62,-57,-20,-40,-40,-44,-78,-117,0,0,0,0,-42,-22,-41,-7,-21,-43,-42,-78,0,0,0,0,-40,-34,4,5,-22,-23,-40,-66,0,0,0,0,-32,-10,19,14,19,-6,-18,-40,0,0,0,0,-32,-24,9,17,8,7,-7,-36,0,0,0,0,-46,-15,-10,3,1,-17,-37,-37,0,0,0,0,-60,-34,-27,-24,-23,-36,-40,-67,0,0,0,0,-42,-76,-44,-33,-47,-42,-79,-96,0,0,0,0,0,0,0,0,0,0,0,0,0,0,0,0,0,0,0,0,0,0,0,0,0,0];
const WBISHOP_PSTS    = [0,0,0,0,0,0,0,0,0,0,0,0,0,0,0,0,0,0,0,0,0,0,0,0,0,0,-44,-15,-122,-73,-49,-69,-8,-15,0,0,0,0,-31,1,-35,-40,15,22,47,-72,0,0,0,0,-27,30,30,14,14,45,29,-7,0,0,0,0,1,0,8,44,20,18,-1,3,0,0,0,0,4,15,17,30,31,9,12,16,0,0,0,0,13,31,30,27,31,44,37,25,0,0,0,0,22,32,25,17,20,39,61,17,0,0,0,0,-13,23,21,17,23,17,-16,2,0,0,0,0,0,0,0,0,0,0,0,0,0,0,0,0,0,0,0,0,0,0,0,0,0,0];
const WBISHOP_PSTE    = [0,0,0,0,0,0,0,0,0,0,0,0,0,0,0,0,0,0,0,0,0,0,0,0,0,0,-31,-37,-20,-24,-17,-23,-38,-44,0,0,0,0,-20,-27,-15,-26,-26,-27,-36,-26,0,0,0,0,-14,-29,-26,-26,-26,-30,-25,-16,0,0,0,0,-27,-15,-14,-16,-11,-21,-23,-23,0,0,0,0,-31,-28,-14,-10,-23,-17,-32,-34,0,0,0,0,-34,-29,-21,-19,-15,-30,-31,-35,0,0,0,0,-39,-44,-37,-32,-27,-35,-44,-53,0,0,0,0,-42,-33,-41,-32,-34,-34,-28,-35,0,0,0,0,0,0,0,0,0,0,0,0,0,0,0,0,0,0,0,0,0,0,0,0,0,0];
const WROOK_PSTS      = [0,0,0,0,0,0,0,0,0,0,0,0,0,0,0,0,0,0,0,0,0,0,0,0,0,0,14,29,8,35,33,2,4,19,0,0,0,0,0,6,35,40,46,48,-13,18,0,0,0,0,-13,1,0,6,-12,15,48,-6,0,0,0,0,-33,-27,-1,14,-1,19,-25,-34,0,0,0,0,-39,-34,-18,-11,0,-11,3,-32,0,0,0,0,-38,-20,-9,-14,6,3,-4,-30,0,0,0,0,-35,-10,-13,2,11,12,-8,-66,0,0,0,0,-4,-6,3,14,15,15,-31,-2,0,0,0,0,0,0,0,0,0,0,0,0,0,0,0,0,0,0,0,0,0,0,0,0,0,0];
const WROOK_PSTE      = [0,0,0,0,0,0,0,0,0,0,0,0,0,0,0,0,0,0,0,0,0,0,0,0,0,0,41,34,42,36,36,36,35,33,0,0,0,0,31,30,25,21,7,18,36,27,0,0,0,0,41,41,39,38,35,24,21,26,0,0,0,0,43,39,42,26,29,29,30,40,0,0,0,0,37,38,37,29,18,19,15,24,0,0,0,0,25,25,14,19,8,8,13,12,0,0,0,0,19,12,19,15,3,5,6,25,0,0,0,0,9,17,19,11,6,3,18,-13,0,0,0,0,0,0,0,0,0,0,0,0,0,0,0,0,0,0,0,0,0,0,0,0,0,0];
const WQUEEN_PSTS     = [0,0,0,0,0,0,0,0,0,0,0,0,0,0,0,0,0,0,0,0,0,0,0,0,0,0,-17,-2,12,5,71,53,56,55,0,0,0,0,-11,-37,1,9,-25,46,43,58,0,0,0,0,-10,-15,13,-24,26,64,48,60,0,0,0,0,-33,-33,-28,-26,-4,-4,-3,-10,0,0,0,0,-5,-41,-10,-16,-3,-6,-8,-6,0,0,0,0,-22,12,-2,6,8,4,14,7,0,0,0,0,-24,6,21,19,29,31,16,28,0,0,0,0,7,1,8,22,2,-3,-9,-30,0,0,0,0,0,0,0,0,0,0,0,0,0,0,0,0,0,0,0,0,0,0,0,0,0,0];
const WQUEEN_PSTE     = [0,0,0,0,0,0,0,0,0,0,0,0,0,0,0,0,0,0,0,0,0,0,0,0,0,0,-2,33,38,39,33,34,10,34,0,0,0,0,-9,18,28,35,65,37,26,22,0,0,0,0,-2,18,1,72,66,43,46,31,0,0,0,0,36,33,33,51,61,53,80,76,0,0,0,0,-7,48,20,53,28,39,53,44,0,0,0,0,15,-35,13,-7,1,23,24,30,0,0,0,0,-11,-29,-35,-23,-26,-24,-42,-29,0,0,0,0,-32,-38,-30,-43,-1,-27,-18,-43,0,0,0,0,0,0,0,0,0,0,0,0,0,0,0,0,0,0,0,0,0,0,0,0,0,0];
const WKING_PSTS      = [0,0,0,0,0,0,0,0,0,0,0,0,0,0,0,0,0,0,0,0,0,0,0,0,0,0,-86,38,17,-17,-89,-65,12,-15,0,0,0,0,35,25,-9,1,-30,7,-6,-55,0,0,0,0,33,28,30,-49,-10,32,66,-10,0,0,0,0,-13,3,-3,-46,-48,-37,-10,-63,0,0,0,0,-31,29,-26,-69,-70,-45,-38,-74,0,0,0,0,14,29,4,-22,-29,-16,19,-17,0,0,0,0,28,60,26,-30,-10,10,58,38,0,0,0,0,-7,72,55,-36,45,-8,66,30,0,0,0,0,0,0,0,0,0,0,0,0,0,0,0,0,0,0,0,0,0,0,0,0,0,0];
const WKING_PSTE      = [0,0,0,0,0,0,0,0,0,0,0,0,0,0,0,0,0,0,0,0,0,0,0,0,0,0,-135,-65,-36,-53,-27,0,-32,-42,0,0,0,0,-30,-13,-3,0,9,25,4,-3,0,0,0,0,-13,4,2,9,9,43,34,1,0,0,0,0,-16,5,13,17,18,28,23,-1,0,0,0,0,-35,-23,8,17,21,15,2,-16,0,0,0,0,-38,-24,-7,2,5,-1,-13,-24,0,0,0,0,-53,-42,-22,-12,-11,-18,-34,-46,0,0,0,0,-86,-70,-54,-37,-61,-36,-61,-80,0,0,0,0,0,0,0,0,0,0,0,0,0,0,0,0,0,0,0,0,0,0,0,0,0,0];
const BPAWN_PSTS      = [0,0,0,0,0,0,0,0,0,0,0,0,0,0,0,0,0,0,0,0,0,0,0,0,0,0,-15,-5,0,5,5,0,-5,-15,0,0,0,0,-47,-29,-50,-35,-50,10,12,-38,0,0,0,0,-36,-39,-19,-19,-16,6,8,-22,0,0,0,0,-42,-38,-10,1,-3,4,-25,-46,0,0,0,0,-25,1,-12,14,11,6,2,-37,0,0,0,0,-9,-4,11,6,53,75,37,-12,0,0,0,0,42,112,60,99,101,105,33,-23,0,0,0,0,-15,-5,0,5,5,0,-5,-15,0,0,0,0,0,0,0,0,0,0,0,0,0,0,0,0,0,0,0,0,0,0,0,0,0,0];
const BPAWN_PSTE      = [0,0,0,0,0,0,0,0,0,0,0,0,0,0,0,0,0,0,0,0,0,0,0,0,0,0,0,0,0,0,0,0,0,0,0,0,0,0,-3,-13,4,-5,11,-8,-21,-19,0,0,0,0,-11,-10,-16,-15,-8,-15,-26,-19,0,0,0,0,2,-2,-16,-24,-18,-19,-11,-7,0,0,0,0,8,-5,-10,-26,-22,-15,-6,0,0,0,0,0,12,12,7,-3,-14,-11,9,14,0,0,0,0,11,14,29,21,39,5,37,48,0,0,0,0,0,0,0,0,0,0,0,0,0,0,0,0,0,0,0,0,0,0,0,0,0,0,0,0,0,0,0,0,0,0,0,0,0,0];
const BKNIGHT_PSTS    = [0,0,0,0,0,0,0,0,0,0,0,0,0,0,0,0,0,0,0,0,0,0,0,0,0,0,-107,-2,-30,-11,23,3,0,-4,0,0,0,0,-13,-32,7,23,30,35,20,12,0,0,0,0,-10,5,27,41,50,40,45,2,0,0,0,0,2,19,21,16,35,30,31,3,0,0,0,0,0,25,5,33,35,64,27,34,0,0,0,0,-46,30,13,41,68,102,45,48,0,0,0,0,-82,-48,61,22,9,47,-2,-27,0,0,0,0,-163,-85,-49,-48,30,-115,-45,-87,0,0,0,0,0,0,0,0,0,0,0,0,0,0,0,0,0,0,0,0,0,0,0,0,0,0];
const BKNIGHT_PSTE    = [0,0,0,0,0,0,0,0,0,0,0,0,0,0,0,0,0,0,0,0,0,0,0,0,0,0,-42,-76,-44,-33,-47,-42,-79,-96,0,0,0,0,-60,-34,-27,-24,-23,-36,-40,-67,0,0,0,0,-46,-15,-10,3,1,-17,-37,-37,0,0,0,0,-32,-24,9,17,8,7,-7,-36,0,0,0,0,-32,-10,19,14,19,-6,-18,-40,0,0,0,0,-40,-34,4,5,-22,-23,-40,-66,0,0,0,0,-42,-22,-41,-7,-21,-43,-42,-78,0,0,0,0,-62,-57,-20,-40,-40,-44,-78,-117,0,0,0,0,0,0,0,0,0,0,0,0,0,0,0,0,0,0,0,0,0,0,0,0,0,0];
const BBISHOP_PSTS    = [0,0,0,0,0,0,0,0,0,0,0,0,0,0,0,0,0,0,0,0,0,0,0,0,0,0,-13,23,21,17,23,17,-16,2,0,0,0,0,22,32,25,17,20,39,61,17,0,0,0,0,13,31,30,27,31,44,37,25,0,0,0,0,4,15,17,30,31,9,12,16,0,0,0,0,1,0,8,44,20,18,-1,3,0,0,0,0,-27,30,30,14,14,45,29,-7,0,0,0,0,-31,1,-35,-40,15,22,47,-72,0,0,0,0,-44,-15,-122,-73,-49,-69,-8,-15,0,0,0,0,0,0,0,0,0,0,0,0,0,0,0,0,0,0,0,0,0,0,0,0,0,0];
const BBISHOP_PSTE    = [0,0,0,0,0,0,0,0,0,0,0,0,0,0,0,0,0,0,0,0,0,0,0,0,0,0,-42,-33,-41,-32,-34,-34,-28,-35,0,0,0,0,-39,-44,-37,-32,-27,-35,-44,-53,0,0,0,0,-34,-29,-21,-19,-15,-30,-31,-35,0,0,0,0,-31,-28,-14,-10,-23,-17,-32,-34,0,0,0,0,-27,-15,-14,-16,-11,-21,-23,-23,0,0,0,0,-14,-29,-26,-26,-26,-30,-25,-16,0,0,0,0,-20,-27,-15,-26,-26,-27,-36,-26,0,0,0,0,-31,-37,-20,-24,-17,-23,-38,-44,0,0,0,0,0,0,0,0,0,0,0,0,0,0,0,0,0,0,0,0,0,0,0,0,0,0];
const BROOK_PSTS      = [0,0,0,0,0,0,0,0,0,0,0,0,0,0,0,0,0,0,0,0,0,0,0,0,0,0,-4,-6,3,14,15,15,-31,-2,0,0,0,0,-35,-10,-13,2,11,12,-8,-66,0,0,0,0,-38,-20,-9,-14,6,3,-4,-30,0,0,0,0,-39,-34,-18,-11,0,-11,3,-32,0,0,0,0,-33,-27,-1,14,-1,19,-25,-34,0,0,0,0,-13,1,0,6,-12,15,48,-6,0,0,0,0,0,6,35,40,46,48,-13,18,0,0,0,0,14,29,8,35,33,2,4,19,0,0,0,0,0,0,0,0,0,0,0,0,0,0,0,0,0,0,0,0,0,0,0,0,0,0];
const BROOK_PSTE      = [0,0,0,0,0,0,0,0,0,0,0,0,0,0,0,0,0,0,0,0,0,0,0,0,0,0,9,17,19,11,6,3,18,-13,0,0,0,0,19,12,19,15,3,5,6,25,0,0,0,0,25,25,14,19,8,8,13,12,0,0,0,0,37,38,37,29,18,19,15,24,0,0,0,0,43,39,42,26,29,29,30,40,0,0,0,0,41,41,39,38,35,24,21,26,0,0,0,0,31,30,25,21,7,18,36,27,0,0,0,0,41,34,42,36,36,36,35,33,0,0,0,0,0,0,0,0,0,0,0,0,0,0,0,0,0,0,0,0,0,0,0,0,0,0];
const BQUEEN_PSTS     = [0,0,0,0,0,0,0,0,0,0,0,0,0,0,0,0,0,0,0,0,0,0,0,0,0,0,7,1,8,22,2,-3,-9,-30,0,0,0,0,-24,6,21,19,29,31,16,28,0,0,0,0,-22,12,-2,6,8,4,14,7,0,0,0,0,-5,-41,-10,-16,-3,-6,-8,-6,0,0,0,0,-33,-33,-28,-26,-4,-4,-3,-10,0,0,0,0,-10,-15,13,-24,26,64,48,60,0,0,0,0,-11,-37,1,9,-25,46,43,58,0,0,0,0,-17,-2,12,5,71,53,56,55,0,0,0,0,0,0,0,0,0,0,0,0,0,0,0,0,0,0,0,0,0,0,0,0,0,0];
const BQUEEN_PSTE     = [0,0,0,0,0,0,0,0,0,0,0,0,0,0,0,0,0,0,0,0,0,0,0,0,0,0,-32,-38,-30,-43,-1,-27,-18,-43,0,0,0,0,-11,-29,-35,-23,-26,-24,-42,-29,0,0,0,0,15,-35,13,-7,1,23,24,30,0,0,0,0,-7,48,20,53,28,39,53,44,0,0,0,0,36,33,33,51,61,53,80,76,0,0,0,0,-2,18,1,72,66,43,46,31,0,0,0,0,-9,18,28,35,65,37,26,22,0,0,0,0,-2,33,38,39,33,34,10,34,0,0,0,0,0,0,0,0,0,0,0,0,0,0,0,0,0,0,0,0,0,0,0,0,0,0];
const BKING_PSTS      = [0,0,0,0,0,0,0,0,0,0,0,0,0,0,0,0,0,0,0,0,0,0,0,0,0,0,-7,72,55,-36,45,-8,66,30,0,0,0,0,28,60,26,-30,-10,10,58,38,0,0,0,0,14,29,4,-22,-29,-16,19,-17,0,0,0,0,-31,29,-26,-69,-70,-45,-38,-74,0,0,0,0,-13,3,-3,-46,-48,-37,-10,-63,0,0,0,0,33,28,30,-49,-10,32,66,-10,0,0,0,0,35,25,-9,1,-30,7,-6,-55,0,0,0,0,-86,38,17,-17,-89,-65,12,-15,0,0,0,0,0,0,0,0,0,0,0,0,0,0,0,0,0,0,0,0,0,0,0,0,0,0];
const BKING_PSTE      = [0,0,0,0,0,0,0,0,0,0,0,0,0,0,0,0,0,0,0,0,0,0,0,0,0,0,-86,-70,-54,-37,-61,-36,-61,-80,0,0,0,0,-53,-42,-22,-12,-11,-18,-34,-46,0,0,0,0,-38,-24,-7,2,5,-1,-13,-24,0,0,0,0,-35,-23,8,17,21,15,2,-16,0,0,0,0,-16,5,13,17,18,28,23,-1,0,0,0,0,-13,4,2,9,9,43,34,1,0,0,0,0,-30,-13,-3,0,9,25,4,-3,0,0,0,0,-135,-65,-36,-53,-27,0,-32,-42,0,0,0,0,0,0,0,0,0,0,0,0,0,0,0,0,0,0,0,0,0,0,0,0,0,0];
const WOUTPOST        = [0,0,0,0,0,0,0,0,0,0,0,0,0,0,0,0,0,0,0,0,0,0,0,0,0,0,0,0,0,0,0,0,0,0,0,0,0,0,0,0,0,0,0,0,0,0,0,0,0,0,0,19,25,18,33,30,31,0,0,0,0,0,0,15,26,34,22,50,59,0,0,0,0,0,0,20,27,28,22,31,25,0,0,0,0,0,0,0,0,0,0,0,0,0,0,0,0,0,0,0,0,0,0,0,0,0,0,0,0,0,0,0,0,0,0,0,0,0,0,0,0,0,0,0,0,0,0,0,0,0,0,0,0,0,0,0,0,0,0,0,0,0,0,0];
const BOUTPOST        = [0,0,0,0,0,0,0,0,0,0,0,0,0,0,0,0,0,0,0,0,0,0,0,0,0,0,0,0,0,0,0,0,0,0,0,0,0,0,0,0,0,0,0,0,0,0,0,0,0,0,0,0,0,0,0,0,0,0,0,0,0,0,0,20,27,28,22,31,25,0,0,0,0,0,0,15,26,34,22,50,59,0,0,0,0,0,0,19,25,18,33,30,31,0,0,0,0,0,0,0,0,0,0,0,0,0,0,0,0,0,0,0,0,0,0,0,0,0,0,0,0,0,0,0,0,0,0,0,0,0,0,0,0,0,0,0,0,0,0,0,0,0,0,0];
const EV              = [6,-2,8,3,5,3,2,8,31,11,43,51,21,18,7,18,16,14,7,1,4,15,83,42,1,27,22,-1,-11,27,41,7,-1,24,92,74,130,797,44,28,0,0,0,0,0,0,58,16,12,35,4,-1,12,10,6,6,-9,3,56,28,38,39,58,50,-4,23];
const WSTORM          = [0,0,13,27,8,7,-10,0,0,7];
const WSHELTER        = [0,0,3,6,12,12,42,18,0,32];
const IMBALN_S        = [-105,28,17,3,0,3,7,20,38];
const IMBALN_E        = [-106,-51,-32,-17,-1,14,37,54,54];
const IMBALB_S        = [-62,-1,9,5,12,13,11,16,26];
const IMBALB_E        = [-1,-31,-24,-16,-10,-1,15,25,38];
const IMBALR_S        = [56,12,-15,-22,-24,-20,-8,6,18];
const IMBALR_E        = [-29,-28,-3,8,20,36,44,54,72];
const IMBALQ_S        = [-7,-29,-17,2,12,12,15,8,-8];
const IMBALQ_E        = [-59,-39,-13,-4,3,23,38,44,19];
const MOBN_S          = [-2,6,14,19,29,33,36,41,48];
const MOBN_E          = [-1,-5,-6,-1,-7,-5,-9,-14,-22];
const MOBB_S          = [-13,7,24,32,38,46,52,58,64,73,72,86,95,103];
const MOBB_E          = [-17,-17,-4,5,20,23,28,29,34,29,29,24,34,30];
const MOBR_S          = [-6,6,12,19,21,27,32,36,44,48,51,55,67,70,66];
const MOBR_E          = [-19,-13,1,10,20,25,28,30,31,35,36,37,36,27,32];
const MOBQ_S          = [2,2,3,2,7,12,13,14,18,23,22,22,26,28,28,33,32,35,38,40,39,40,44,46,48,50,51,54];
const MOBQ_E          = [0,8,16,20,30,40,46,57,66,76,85,93,107,109,116,123,129,136,143,152,156,163,175,180,190,200,207,216];

//}}}
//{{{  sf tuned feature weights 440  +17

// data=data/sf14quiet-labeled.epd
// features=1033
// k=3.233
// loss=0.01695744272604174
// epochs=440
// last update Mon Feb 21 2022 12:56:27 GMT+0000 (Greenwich Mean Time)

const VALUE_VECTOR    = [0,100,395,392,600,1149,10000];
const WPAWN_PSTS      = [0,0,0,0,0,0,0,0,0,0,0,0,0,0,0,0,0,0,0,0,0,0,0,0,0,0,-15,-5,0,5,5,0,-5,-15,0,0,0,0,43,113,61,100,101,104,32,-23,0,0,0,0,-10,-2,12,7,54,74,37,-9,0,0,0,0,-23,3,-11,16,14,8,2,-38,0,0,0,0,-43,-38,-10,0,-3,6,-24,-47,0,0,0,0,-36,-41,-21,-21,-17,6,7,-23,0,0,0,0,-48,-31,-52,-38,-52,9,10,-40,0,0,0,0,-15,-5,0,5,5,0,-5,-15,0,0,0,0,0,0,0,0,0,0,0,0,0,0,0,0,0,0,0,0,0,0,0,0,0,0];
const WPAWN_PSTE      = [0,0,0,0,0,0,0,0,0,0,0,0,0,0,0,0,0,0,0,0,0,0,0,0,0,0,0,0,0,0,0,0,0,0,0,0,0,0,11,14,30,24,38,4,37,47,0,0,0,0,10,12,5,-2,-14,-12,7,12,0,0,0,0,9,-4,-8,-27,-23,-14,-6,0,0,0,0,0,3,-2,-15,-25,-19,-19,-11,-7,0,0,0,0,-11,-9,-15,-14,-8,-14,-25,-19,0,0,0,0,-3,-11,4,-4,9,-7,-20,-19,0,0,0,0,0,0,0,0,0,0,0,0,0,0,0,0,0,0,0,0,0,0,0,0,0,0,0,0,0,0,0,0,0,0,0,0,0,0];
const WKNIGHT_PSTS    = [0,0,0,0,0,0,0,0,0,0,0,0,0,0,0,0,0,0,0,0,0,0,0,0,0,0,-163,-85,-49,-48,30,-115,-45,-87,0,0,0,0,-80,-47,59,23,9,47,-3,-26,0,0,0,0,-44,29,14,42,68,101,44,48,0,0,0,0,1,25,7,34,37,65,26,36,0,0,0,0,3,20,23,18,34,31,30,4,0,0,0,0,-14,6,26,42,50,41,44,-2,0,0,0,0,-14,-32,5,23,31,32,19,11,0,0,0,0,-107,-2,-29,-11,22,3,0,-5,0,0,0,0,0,0,0,0,0,0,0,0,0,0,0,0,0,0,0,0,0,0,0,0,0,0];
const WKNIGHT_PSTE    = [0,0,0,0,0,0,0,0,0,0,0,0,0,0,0,0,0,0,0,0,0,0,0,0,0,0,-61,-56,-20,-39,-39,-43,-77,-117,0,0,0,0,-41,-21,-41,-6,-19,-42,-42,-76,0,0,0,0,-39,-32,6,5,-21,-21,-39,-65,0,0,0,0,-32,-11,19,13,18,-5,-17,-39,0,0,0,0,-32,-23,9,17,8,7,-8,-35,0,0,0,0,-47,-15,-10,4,1,-20,-36,-38,0,0,0,0,-61,-35,-28,-26,-25,-37,-40,-67,0,0,0,0,-43,-77,-44,-34,-48,-43,-79,-97,0,0,0,0,0,0,0,0,0,0,0,0,0,0,0,0,0,0,0,0,0,0,0,0,0,0];
const WBISHOP_PSTS    = [0,0,0,0,0,0,0,0,0,0,0,0,0,0,0,0,0,0,0,0,0,0,0,0,0,0,-43,-15,-121,-73,-49,-69,-8,-15,0,0,0,0,-30,0,-33,-39,15,21,46,-71,0,0,0,0,-27,30,29,15,15,46,30,-8,0,0,0,0,1,1,9,43,21,18,1,1,0,0,0,0,5,15,17,30,31,12,13,15,0,0,0,0,15,33,30,28,30,42,38,25,0,0,0,0,23,31,26,16,19,39,60,18,0,0,0,0,-12,24,21,16,22,16,-16,2,0,0,0,0,0,0,0,0,0,0,0,0,0,0,0,0,0,0,0,0,0,0,0,0,0,0];
const WBISHOP_PSTE    = [0,0,0,0,0,0,0,0,0,0,0,0,0,0,0,0,0,0,0,0,0,0,0,0,0,0,-30,-36,-19,-23,-17,-22,-38,-44,0,0,0,0,-19,-26,-14,-25,-26,-28,-35,-25,0,0,0,0,-13,-29,-25,-24,-26,-28,-24,-17,0,0,0,0,-28,-13,-14,-16,-10,-20,-22,-24,0,0,0,0,-31,-28,-13,-10,-22,-18,-32,-35,0,0,0,0,-34,-29,-23,-20,-16,-30,-33,-35,0,0,0,0,-40,-47,-38,-33,-30,-35,-45,-52,0,0,0,0,-42,-33,-41,-34,-35,-35,-29,-35,0,0,0,0,0,0,0,0,0,0,0,0,0,0,0,0,0,0,0,0,0,0,0,0,0,0];
const WROOK_PSTS      = [0,0,0,0,0,0,0,0,0,0,0,0,0,0,0,0,0,0,0,0,0,0,0,0,0,0,15,30,9,35,33,3,5,21,0,0,0,0,1,6,36,41,48,48,-14,19,0,0,0,0,-12,3,1,8,-10,16,48,-5,0,0,0,0,-31,-25,0,16,0,19,-24,-33,0,0,0,0,-37,-33,-18,-10,0,-10,3,-31,0,0,0,0,-37,-20,-9,-14,7,3,-4,-29,0,0,0,0,-36,-11,-12,1,9,11,-10,-71,0,0,0,0,-5,-8,2,13,14,15,-35,-4,0,0,0,0,0,0,0,0,0,0,0,0,0,0,0,0,0,0,0,0,0,0,0,0,0,0];
const WROOK_PSTE      = [0,0,0,0,0,0,0,0,0,0,0,0,0,0,0,0,0,0,0,0,0,0,0,0,0,0,42,35,43,36,36,37,37,35,0,0,0,0,29,30,26,22,9,17,35,26,0,0,0,0,42,42,41,40,37,25,21,27,0,0,0,0,45,41,42,28,30,29,31,39,0,0,0,0,38,39,37,29,17,19,14,24,0,0,0,0,25,24,14,19,8,8,12,12,0,0,0,0,18,12,18,12,2,3,5,24,0,0,0,0,8,16,18,10,4,0,18,-13,0,0,0,0,0,0,0,0,0,0,0,0,0,0,0,0,0,0,0,0,0,0,0,0,0,0];
const WQUEEN_PSTS     = [0,0,0,0,0,0,0,0,0,0,0,0,0,0,0,0,0,0,0,0,0,0,0,0,0,0,-16,-2,12,5,70,53,56,54,0,0,0,0,-11,-35,2,9,-24,45,41,58,0,0,0,0,-10,-14,13,-22,25,64,47,59,0,0,0,0,-31,-32,-27,-22,-3,-4,-3,-9,0,0,0,0,-5,-39,-9,-16,-2,-7,-8,-7,0,0,0,0,-23,12,-1,6,8,5,14,6,0,0,0,0,-22,7,21,19,28,28,16,26,0,0,0,0,5,0,7,21,0,-4,-10,-30,0,0,0,0,0,0,0,0,0,0,0,0,0,0,0,0,0,0,0,0,0,0,0,0,0,0];
const WQUEEN_PSTE     = [0,0,0,0,0,0,0,0,0,0,0,0,0,0,0,0,0,0,0,0,0,0,0,0,0,0,-1,33,38,39,32,34,10,33,0,0,0,0,-8,19,29,36,66,36,25,22,0,0,0,0,-1,19,2,74,66,43,46,30,0,0,0,0,37,34,35,52,62,54,80,76,0,0,0,0,-6,49,21,54,28,40,53,44,0,0,0,0,14,-35,13,-7,0,23,23,29,0,0,0,0,-11,-28,-36,-23,-27,-26,-43,-30,0,0,0,0,-34,-38,-31,-44,-3,-28,-19,-43,0,0,0,0,0,0,0,0,0,0,0,0,0,0,0,0,0,0,0,0,0,0,0,0,0,0];
const WKING_PSTS      = [0,0,0,0,0,0,0,0,0,0,0,0,0,0,0,0,0,0,0,0,0,0,0,0,0,0,-86,38,17,-17,-89,-65,12,-15,0,0,0,0,35,25,-9,1,-30,7,-5,-55,0,0,0,0,33,29,30,-48,-10,31,66,-10,0,0,0,0,-13,3,-3,-45,-48,-37,-10,-63,0,0,0,0,-31,29,-26,-68,-70,-45,-38,-74,0,0,0,0,14,29,3,-23,-29,-17,18,-18,0,0,0,0,28,61,26,-31,-13,10,57,36,0,0,0,0,-7,75,58,-37,48,-9,67,28,0,0,0,0,0,0,0,0,0,0,0,0,0,0,0,0,0,0,0,0,0,0,0,0,0,0];
const WKING_PSTE      = [0,0,0,0,0,0,0,0,0,0,0,0,0,0,0,0,0,0,0,0,0,0,0,0,0,0,-134,-65,-36,-53,-27,0,-32,-43,0,0,0,0,-30,-12,-2,0,10,25,5,-3,0,0,0,0,-12,6,3,11,10,42,33,2,0,0,0,0,-16,5,13,19,19,28,24,0,0,0,0,0,-34,-21,8,18,21,15,3,-15,0,0,0,0,-39,-24,-9,1,4,-2,-15,-25,0,0,0,0,-53,-42,-24,-14,-13,-19,-34,-46,0,0,0,0,-84,-69,-55,-38,-61,-37,-63,-79,0,0,0,0,0,0,0,0,0,0,0,0,0,0,0,0,0,0,0,0,0,0,0,0,0,0];
const BPAWN_PSTS      = [0,0,0,0,0,0,0,0,0,0,0,0,0,0,0,0,0,0,0,0,0,0,0,0,0,0,-15,-5,0,5,5,0,-5,-15,0,0,0,0,-48,-31,-52,-38,-52,9,10,-40,0,0,0,0,-36,-41,-21,-21,-17,6,7,-23,0,0,0,0,-43,-38,-10,0,-3,6,-24,-47,0,0,0,0,-23,3,-11,16,14,8,2,-38,0,0,0,0,-10,-2,12,7,54,74,37,-9,0,0,0,0,43,113,61,100,101,104,32,-23,0,0,0,0,-15,-5,0,5,5,0,-5,-15,0,0,0,0,0,0,0,0,0,0,0,0,0,0,0,0,0,0,0,0,0,0,0,0,0,0];
const BPAWN_PSTE      = [0,0,0,0,0,0,0,0,0,0,0,0,0,0,0,0,0,0,0,0,0,0,0,0,0,0,0,0,0,0,0,0,0,0,0,0,0,0,-3,-11,4,-4,9,-7,-20,-19,0,0,0,0,-11,-9,-15,-14,-8,-14,-25,-19,0,0,0,0,3,-2,-15,-25,-19,-19,-11,-7,0,0,0,0,9,-4,-8,-27,-23,-14,-6,0,0,0,0,0,10,12,5,-2,-14,-12,7,12,0,0,0,0,11,14,30,24,38,4,37,47,0,0,0,0,0,0,0,0,0,0,0,0,0,0,0,0,0,0,0,0,0,0,0,0,0,0,0,0,0,0,0,0,0,0,0,0,0,0];
const BKNIGHT_PSTS    = [0,0,0,0,0,0,0,0,0,0,0,0,0,0,0,0,0,0,0,0,0,0,0,0,0,0,-107,-2,-29,-11,22,3,0,-5,0,0,0,0,-14,-32,5,23,31,32,19,11,0,0,0,0,-14,6,26,42,50,41,44,-2,0,0,0,0,3,20,23,18,34,31,30,4,0,0,0,0,1,25,7,34,37,65,26,36,0,0,0,0,-44,29,14,42,68,101,44,48,0,0,0,0,-80,-47,59,23,9,47,-3,-26,0,0,0,0,-163,-85,-49,-48,30,-115,-45,-87,0,0,0,0,0,0,0,0,0,0,0,0,0,0,0,0,0,0,0,0,0,0,0,0,0,0];
const BKNIGHT_PSTE    = [0,0,0,0,0,0,0,0,0,0,0,0,0,0,0,0,0,0,0,0,0,0,0,0,0,0,-43,-77,-44,-34,-48,-43,-79,-97,0,0,0,0,-61,-35,-28,-26,-25,-37,-40,-67,0,0,0,0,-47,-15,-10,4,1,-20,-36,-38,0,0,0,0,-32,-23,9,17,8,7,-8,-35,0,0,0,0,-32,-11,19,13,18,-5,-17,-39,0,0,0,0,-39,-32,6,5,-21,-21,-39,-65,0,0,0,0,-41,-21,-41,-6,-19,-42,-42,-76,0,0,0,0,-61,-56,-20,-39,-39,-43,-77,-117,0,0,0,0,0,0,0,0,0,0,0,0,0,0,0,0,0,0,0,0,0,0,0,0,0,0];
const BBISHOP_PSTS    = [0,0,0,0,0,0,0,0,0,0,0,0,0,0,0,0,0,0,0,0,0,0,0,0,0,0,-12,24,21,16,22,16,-16,2,0,0,0,0,23,31,26,16,19,39,60,18,0,0,0,0,15,33,30,28,30,42,38,25,0,0,0,0,5,15,17,30,31,12,13,15,0,0,0,0,1,1,9,43,21,18,1,1,0,0,0,0,-27,30,29,15,15,46,30,-8,0,0,0,0,-30,0,-33,-39,15,21,46,-71,0,0,0,0,-43,-15,-121,-73,-49,-69,-8,-15,0,0,0,0,0,0,0,0,0,0,0,0,0,0,0,0,0,0,0,0,0,0,0,0,0,0];
const BBISHOP_PSTE    = [0,0,0,0,0,0,0,0,0,0,0,0,0,0,0,0,0,0,0,0,0,0,0,0,0,0,-42,-33,-41,-34,-35,-35,-29,-35,0,0,0,0,-40,-47,-38,-33,-30,-35,-45,-52,0,0,0,0,-34,-29,-23,-20,-16,-30,-33,-35,0,0,0,0,-31,-28,-13,-10,-22,-18,-32,-35,0,0,0,0,-28,-13,-14,-16,-10,-20,-22,-24,0,0,0,0,-13,-29,-25,-24,-26,-28,-24,-17,0,0,0,0,-19,-26,-14,-25,-26,-28,-35,-25,0,0,0,0,-30,-36,-19,-23,-17,-22,-38,-44,0,0,0,0,0,0,0,0,0,0,0,0,0,0,0,0,0,0,0,0,0,0,0,0,0,0];
const BROOK_PSTS      = [0,0,0,0,0,0,0,0,0,0,0,0,0,0,0,0,0,0,0,0,0,0,0,0,0,0,-5,-8,2,13,14,15,-35,-4,0,0,0,0,-36,-11,-12,1,9,11,-10,-71,0,0,0,0,-37,-20,-9,-14,7,3,-4,-29,0,0,0,0,-37,-33,-18,-10,0,-10,3,-31,0,0,0,0,-31,-25,0,16,0,19,-24,-33,0,0,0,0,-12,3,1,8,-10,16,48,-5,0,0,0,0,1,6,36,41,48,48,-14,19,0,0,0,0,15,30,9,35,33,3,5,21,0,0,0,0,0,0,0,0,0,0,0,0,0,0,0,0,0,0,0,0,0,0,0,0,0,0];
const BROOK_PSTE      = [0,0,0,0,0,0,0,0,0,0,0,0,0,0,0,0,0,0,0,0,0,0,0,0,0,0,8,16,18,10,4,0,18,-13,0,0,0,0,18,12,18,12,2,3,5,24,0,0,0,0,25,24,14,19,8,8,12,12,0,0,0,0,38,39,37,29,17,19,14,24,0,0,0,0,45,41,42,28,30,29,31,39,0,0,0,0,42,42,41,40,37,25,21,27,0,0,0,0,29,30,26,22,9,17,35,26,0,0,0,0,42,35,43,36,36,37,37,35,0,0,0,0,0,0,0,0,0,0,0,0,0,0,0,0,0,0,0,0,0,0,0,0,0,0];
const BQUEEN_PSTS     = [0,0,0,0,0,0,0,0,0,0,0,0,0,0,0,0,0,0,0,0,0,0,0,0,0,0,5,0,7,21,0,-4,-10,-30,0,0,0,0,-22,7,21,19,28,28,16,26,0,0,0,0,-23,12,-1,6,8,5,14,6,0,0,0,0,-5,-39,-9,-16,-2,-7,-8,-7,0,0,0,0,-31,-32,-27,-22,-3,-4,-3,-9,0,0,0,0,-10,-14,13,-22,25,64,47,59,0,0,0,0,-11,-35,2,9,-24,45,41,58,0,0,0,0,-16,-2,12,5,70,53,56,54,0,0,0,0,0,0,0,0,0,0,0,0,0,0,0,0,0,0,0,0,0,0,0,0,0,0];
const BQUEEN_PSTE     = [0,0,0,0,0,0,0,0,0,0,0,0,0,0,0,0,0,0,0,0,0,0,0,0,0,0,-34,-38,-31,-44,-3,-28,-19,-43,0,0,0,0,-11,-28,-36,-23,-27,-26,-43,-30,0,0,0,0,14,-35,13,-7,0,23,23,29,0,0,0,0,-6,49,21,54,28,40,53,44,0,0,0,0,37,34,35,52,62,54,80,76,0,0,0,0,-1,19,2,74,66,43,46,30,0,0,0,0,-8,19,29,36,66,36,25,22,0,0,0,0,-1,33,38,39,32,34,10,33,0,0,0,0,0,0,0,0,0,0,0,0,0,0,0,0,0,0,0,0,0,0,0,0,0,0];
const BKING_PSTS      = [0,0,0,0,0,0,0,0,0,0,0,0,0,0,0,0,0,0,0,0,0,0,0,0,0,0,-7,75,58,-37,48,-9,67,28,0,0,0,0,28,61,26,-31,-13,10,57,36,0,0,0,0,14,29,3,-23,-29,-17,18,-18,0,0,0,0,-31,29,-26,-68,-70,-45,-38,-74,0,0,0,0,-13,3,-3,-45,-48,-37,-10,-63,0,0,0,0,33,29,30,-48,-10,31,66,-10,0,0,0,0,35,25,-9,1,-30,7,-5,-55,0,0,0,0,-86,38,17,-17,-89,-65,12,-15,0,0,0,0,0,0,0,0,0,0,0,0,0,0,0,0,0,0,0,0,0,0,0,0,0,0];
const BKING_PSTE      = [0,0,0,0,0,0,0,0,0,0,0,0,0,0,0,0,0,0,0,0,0,0,0,0,0,0,-84,-69,-55,-38,-61,-37,-63,-79,0,0,0,0,-53,-42,-24,-14,-13,-19,-34,-46,0,0,0,0,-39,-24,-9,1,4,-2,-15,-25,0,0,0,0,-34,-21,8,18,21,15,3,-15,0,0,0,0,-16,5,13,19,19,28,24,0,0,0,0,0,-12,6,3,11,10,42,33,2,0,0,0,0,-30,-12,-2,0,10,25,5,-3,0,0,0,0,-134,-65,-36,-53,-27,0,-32,-43,0,0,0,0,0,0,0,0,0,0,0,0,0,0,0,0,0,0,0,0,0,0,0,0,0,0];
const WOUTPOST        = [0,0,0,0,0,0,0,0,0,0,0,0,0,0,0,0,0,0,0,0,0,0,0,0,0,0,0,0,0,0,0,0,0,0,0,0,0,0,0,0,0,0,0,0,0,0,0,0,0,0,0,19,27,21,34,30,31,0,0,0,0,0,0,16,27,35,24,51,58,0,0,0,0,0,0,20,28,29,23,30,25,0,0,0,0,0,0,0,0,0,0,0,0,0,0,0,0,0,0,0,0,0,0,0,0,0,0,0,0,0,0,0,0,0,0,0,0,0,0,0,0,0,0,0,0,0,0,0,0,0,0,0,0,0,0,0,0,0,0,0,0,0,0,0];
const BOUTPOST        = [0,0,0,0,0,0,0,0,0,0,0,0,0,0,0,0,0,0,0,0,0,0,0,0,0,0,0,0,0,0,0,0,0,0,0,0,0,0,0,0,0,0,0,0,0,0,0,0,0,0,0,0,0,0,0,0,0,0,0,0,0,0,0,20,28,29,23,30,25,0,0,0,0,0,0,16,27,35,24,51,58,0,0,0,0,0,0,19,27,21,34,30,31,0,0,0,0,0,0,0,0,0,0,0,0,0,0,0,0,0,0,0,0,0,0,0,0,0,0,0,0,0,0,0,0,0,0,0,0,0,0,0,0,0,0,0,0,0,0,0,0,0,0,0];
const EV              = [6,-2,8,3,5,3,2,8,32,10,42,48,21,24,7,18,15,15,7,1,3,15,84,43,3,27,22,-1,-9,30,43,7,-2,24,97,73,125,795,45,27,0,0,0,0,0,0,58,10,7,34,5,-2,13,9,7,7,-10,3,58,22,37,33,57,48,-4,23];
const WSTORM          = [0,0,12,27,9,7,-9,0,0,8];
const WSHELTER        = [0,0,3,6,13,14,41,19,0,33];
const IMBALN_S        = [-105,29,16,3,0,2,7,21,39];
const IMBALN_E        = [-106,-53,-32,-18,-2,15,39,56,56];
const IMBALB_S        = [-63,0,8,6,13,14,12,17,27];
const IMBALB_E        = [-3,-31,-25,-18,-11,-1,15,28,39];
const IMBALR_S        = [57,14,-16,-22,-23,-20,-8,7,20];
const IMBALR_E        = [-27,-32,-4,6,18,35,46,58,75];
const IMBALQ_S        = [-9,-30,-19,1,12,14,16,9,-7];
const IMBALQ_E        = [-62,-40,-15,-7,3,24,40,47,20];
const MOBN_S          = [-3,5,15,20,29,33,37,42,49];
const MOBN_E          = [-1,-6,-5,0,-5,-5,-9,-14,-22];
const MOBB_S          = [-14,6,23,32,39,47,53,59,66,74,74,87,95,103];
const MOBB_E          = [-18,-18,-6,4,19,24,28,29,35,30,31,25,34,29];
const MOBR_S          = [-8,6,12,19,20,27,32,38,45,49,51,56,68,70,69];
const MOBR_E          = [-21,-15,0,11,21,25,29,29,31,35,36,38,35,26,33];
const MOBQ_S          = [2,3,3,2,7,12,13,15,19,24,23,23,26,27,28,32,32,35,37,40,38,39,43,45,47,49,51,54];
const MOBQ_E          = [0,8,16,20,30,40,45,58,67,78,87,96,108,110,117,123,129,135,142,150,155,160,174,179,189,199,206,216];

//}}}
//{{{  sf tuned feature weights 1080 +11

// data=data/sf14quiet-labeled.epd
// features=1033
// k=3.233
// loss=0.016903305706684836
// epochs=1080
// last update Mon Feb 21 2022 19:58:36 GMT+0000 (Greenwich Mean Time)

const VALUE_VECTOR    = [0,100,396,394,602,1153,10000];
const WPAWN_PSTS      = [0,0,0,0,0,0,0,0,0,0,0,0,0,0,0,0,0,0,0,0,0,0,0,0,0,0,-15,-5,0,5,5,0,-5,-15,0,0,0,0,44,113,62,103,101,104,32,-23,0,0,0,0,-10,0,13,9,54,73,35,-4,0,0,0,0,-24,4,-12,17,16,10,3,-39,0,0,0,0,-43,-39,-11,-1,-4,6,-24,-49,0,0,0,0,-37,-42,-22,-22,-18,6,7,-25,0,0,0,0,-48,-33,-54,-39,-53,8,9,-41,0,0,0,0,-15,-5,0,5,5,0,-5,-15,0,0,0,0,0,0,0,0,0,0,0,0,0,0,0,0,0,0,0,0,0,0,0,0,0,0];
const WPAWN_PSTE      = [0,0,0,0,0,0,0,0,0,0,0,0,0,0,0,0,0,0,0,0,0,0,0,0,0,0,0,0,0,0,0,0,0,0,0,0,0,0,12,15,30,27,36,3,36,46,0,0,0,0,9,11,4,-2,-13,-13,5,11,0,0,0,0,9,-5,-8,-27,-24,-14,-5,1,0,0,0,0,3,-2,-15,-25,-19,-19,-11,-6,0,0,0,0,-11,-9,-14,-14,-8,-14,-25,-18,0,0,0,0,-3,-11,4,-3,8,-7,-19,-18,0,0,0,0,0,0,0,0,0,0,0,0,0,0,0,0,0,0,0,0,0,0,0,0,0,0,0,0,0,0,0,0,0,0,0,0,0,0];
const WKNIGHT_PSTS    = [0,0,0,0,0,0,0,0,0,0,0,0,0,0,0,0,0,0,0,0,0,0,0,0,0,0,-162,-85,-49,-47,31,-116,-45,-87,0,0,0,0,-78,-46,57,23,10,48,-3,-26,0,0,0,0,-43,28,14,42,68,101,43,48,0,0,0,0,2,23,11,34,38,65,26,37,0,0,0,0,3,20,25,19,33,32,29,5,0,0,0,0,-17,8,25,44,51,41,44,-4,0,0,0,0,-16,-33,4,23,32,29,18,10,0,0,0,0,-107,-2,-28,-10,22,2,0,-7,0,0,0,0,0,0,0,0,0,0,0,0,0,0,0,0,0,0,0,0,0,0,0,0,0,0];
const WKNIGHT_PSTE    = [0,0,0,0,0,0,0,0,0,0,0,0,0,0,0,0,0,0,0,0,0,0,0,0,0,0,-60,-55,-20,-37,-38,-42,-76,-117,0,0,0,0,-40,-19,-40,-5,-17,-41,-42,-74,0,0,0,0,-37,-31,7,6,-19,-19,-37,-64,0,0,0,0,-32,-12,18,12,17,-4,-16,-38,0,0,0,0,-33,-22,9,16,9,8,-9,-35,0,0,0,0,-49,-16,-10,3,1,-21,-35,-39,0,0,0,0,-63,-35,-30,-27,-27,-38,-41,-68,0,0,0,0,-43,-77,-44,-36,-50,-44,-79,-98,0,0,0,0,0,0,0,0,0,0,0,0,0,0,0,0,0,0,0,0,0,0,0,0,0,0];
const WBISHOP_PSTS    = [0,0,0,0,0,0,0,0,0,0,0,0,0,0,0,0,0,0,0,0,0,0,0,0,0,0,-42,-15,-120,-72,-49,-69,-9,-16,0,0,0,0,-30,-1,-31,-38,14,20,45,-68,0,0,0,0,-27,30,28,18,16,47,31,-8,0,0,0,0,1,1,11,42,23,18,3,-1,0,0,0,0,5,14,17,30,31,13,14,14,0,0,0,0,17,35,30,29,29,39,39,25,0,0,0,0,24,31,27,16,19,39,59,19,0,0,0,0,-10,26,20,14,20,16,-15,3,0,0,0,0,0,0,0,0,0,0,0,0,0,0,0,0,0,0,0,0,0,0,0,0,0,0];
const WBISHOP_PSTE    = [0,0,0,0,0,0,0,0,0,0,0,0,0,0,0,0,0,0,0,0,0,0,0,0,0,0,-29,-35,-16,-23,-17,-20,-37,-44,0,0,0,0,-18,-26,-14,-23,-26,-29,-33,-24,0,0,0,0,-13,-29,-24,-23,-27,-27,-23,-18,0,0,0,0,-29,-11,-14,-15,-10,-19,-21,-26,0,0,0,0,-31,-29,-13,-9,-21,-20,-32,-36,0,0,0,0,-34,-30,-25,-22,-17,-30,-35,-35,0,0,0,0,-40,-49,-39,-34,-32,-36,-45,-52,0,0,0,0,-41,-34,-41,-36,-37,-35,-30,-36,0,0,0,0,0,0,0,0,0,0,0,0,0,0,0,0,0,0,0,0,0,0,0,0,0,0];
const WROOK_PSTS      = [0,0,0,0,0,0,0,0,0,0,0,0,0,0,0,0,0,0,0,0,0,0,0,0,0,0,16,30,9,35,33,3,7,23,0,0,0,0,3,6,37,42,49,49,-15,20,0,0,0,0,-9,5,2,11,-8,17,48,-4,0,0,0,0,-30,-23,2,17,0,19,-24,-31,0,0,0,0,-35,-31,-17,-10,-1,-10,3,-29,0,0,0,0,-37,-19,-10,-15,7,3,-3,-28,0,0,0,0,-37,-12,-10,2,7,10,-12,-77,0,0,0,0,-5,-8,1,12,14,14,-38,-5,0,0,0,0,0,0,0,0,0,0,0,0,0,0,0,0,0,0,0,0,0,0,0,0,0,0];
const WROOK_PSTE      = [0,0,0,0,0,0,0,0,0,0,0,0,0,0,0,0,0,0,0,0,0,0,0,0,0,0,43,36,43,36,36,39,40,37,0,0,0,0,28,29,27,21,10,16,35,25,0,0,0,0,42,42,42,41,38,26,20,29,0,0,0,0,45,43,41,28,30,29,31,38,0,0,0,0,38,38,36,29,17,19,14,24,0,0,0,0,24,22,14,19,7,7,10,12,0,0,0,0,19,11,16,10,1,2,3,24,0,0,0,0,8,15,17,9,3,-1,20,-13,0,0,0,0,0,0,0,0,0,0,0,0,0,0,0,0,0,0,0,0,0,0,0,0,0,0];
const WQUEEN_PSTS     = [0,0,0,0,0,0,0,0,0,0,0,0,0,0,0,0,0,0,0,0,0,0,0,0,0,0,-14,-2,12,6,70,54,56,52,0,0,0,0,-10,-33,3,9,-22,45,38,59,0,0,0,0,-11,-12,12,-19,24,65,46,58,0,0,0,0,-28,-31,-24,-18,-3,-4,-3,-7,0,0,0,0,-5,-37,-8,-17,-2,-7,-8,-8,0,0,0,0,-24,12,-1,6,8,7,15,4,0,0,0,0,-21,8,21,19,28,25,17,25,0,0,0,0,2,-1,6,21,-2,-7,-11,-29,0,0,0,0,0,0,0,0,0,0,0,0,0,0,0,0,0,0,0,0,0,0,0,0,0,0];
const WQUEEN_PSTE     = [0,0,0,0,0,0,0,0,0,0,0,0,0,0,0,0,0,0,0,0,0,0,0,0,0,0,0,32,38,40,30,34,9,31,0,0,0,0,-6,20,31,37,67,35,25,21,0,0,0,0,-1,20,4,76,66,43,46,29,0,0,0,0,39,35,37,52,63,55,80,76,0,0,0,0,-4,49,21,55,28,41,54,44,0,0,0,0,14,-34,12,-6,0,22,22,29,0,0,0,0,-11,-27,-39,-23,-30,-29,-43,-31,0,0,0,0,-35,-38,-32,-46,-5,-29,-20,-43,0,0,0,0,0,0,0,0,0,0,0,0,0,0,0,0,0,0,0,0,0,0,0,0,0,0];
const WKING_PSTS      = [0,0,0,0,0,0,0,0,0,0,0,0,0,0,0,0,0,0,0,0,0,0,0,0,0,0,-86,38,17,-17,-89,-65,12,-15,0,0,0,0,35,25,-8,1,-29,8,-5,-55,0,0,0,0,33,29,31,-47,-9,31,65,-10,0,0,0,0,-13,2,-2,-45,-47,-38,-11,-64,0,0,0,0,-30,29,-25,-68,-70,-46,-39,-75,0,0,0,0,14,29,3,-25,-29,-19,18,-20,0,0,0,0,28,62,25,-31,-15,9,56,35,0,0,0,0,-8,77,63,-38,50,-9,68,27,0,0,0,0,0,0,0,0,0,0,0,0,0,0,0,0,0,0,0,0,0,0,0,0,0,0];
const WKING_PSTE      = [0,0,0,0,0,0,0,0,0,0,0,0,0,0,0,0,0,0,0,0,0,0,0,0,0,0,-134,-65,-36,-53,-27,-1,-32,-43,0,0,0,0,-30,-11,0,-1,11,25,8,-3,0,0,0,0,-11,8,5,14,11,39,32,4,0,0,0,0,-16,5,14,21,20,29,23,1,0,0,0,0,-33,-19,8,18,20,14,4,-14,0,0,0,0,-40,-24,-10,-1,3,-2,-16,-25,0,0,0,0,-53,-43,-26,-15,-13,-19,-35,-46,0,0,0,0,-83,-69,-58,-40,-62,-38,-64,-78,0,0,0,0,0,0,0,0,0,0,0,0,0,0,0,0,0,0,0,0,0,0,0,0,0,0];
const BPAWN_PSTS      = [0,0,0,0,0,0,0,0,0,0,0,0,0,0,0,0,0,0,0,0,0,0,0,0,0,0,-15,-5,0,5,5,0,-5,-15,0,0,0,0,-48,-33,-54,-39,-53,8,9,-41,0,0,0,0,-37,-42,-22,-22,-18,6,7,-25,0,0,0,0,-43,-39,-11,-1,-4,6,-24,-49,0,0,0,0,-24,4,-12,17,16,10,3,-39,0,0,0,0,-10,0,13,9,54,73,35,-4,0,0,0,0,44,113,62,103,101,104,32,-23,0,0,0,0,-15,-5,0,5,5,0,-5,-15,0,0,0,0,0,0,0,0,0,0,0,0,0,0,0,0,0,0,0,0,0,0,0,0,0,0];
const BPAWN_PSTE      = [0,0,0,0,0,0,0,0,0,0,0,0,0,0,0,0,0,0,0,0,0,0,0,0,0,0,0,0,0,0,0,0,0,0,0,0,0,0,-3,-11,4,-3,8,-7,-19,-18,0,0,0,0,-11,-9,-14,-14,-8,-14,-25,-18,0,0,0,0,3,-2,-15,-25,-19,-19,-11,-6,0,0,0,0,9,-5,-8,-27,-24,-14,-5,1,0,0,0,0,9,11,4,-2,-13,-13,5,11,0,0,0,0,12,15,30,27,36,3,36,46,0,0,0,0,0,0,0,0,0,0,0,0,0,0,0,0,0,0,0,0,0,0,0,0,0,0,0,0,0,0,0,0,0,0,0,0,0,0];
const BKNIGHT_PSTS    = [0,0,0,0,0,0,0,0,0,0,0,0,0,0,0,0,0,0,0,0,0,0,0,0,0,0,-107,-2,-28,-10,22,2,0,-7,0,0,0,0,-16,-33,4,23,32,29,18,10,0,0,0,0,-17,8,25,44,51,41,44,-4,0,0,0,0,3,20,25,19,33,32,29,5,0,0,0,0,2,23,11,34,38,65,26,37,0,0,0,0,-43,28,14,42,68,101,43,48,0,0,0,0,-78,-46,57,23,10,48,-3,-26,0,0,0,0,-162,-85,-49,-47,31,-116,-45,-87,0,0,0,0,0,0,0,0,0,0,0,0,0,0,0,0,0,0,0,0,0,0,0,0,0,0];
const BKNIGHT_PSTE    = [0,0,0,0,0,0,0,0,0,0,0,0,0,0,0,0,0,0,0,0,0,0,0,0,0,0,-43,-77,-44,-36,-50,-44,-79,-98,0,0,0,0,-63,-35,-30,-27,-27,-38,-41,-68,0,0,0,0,-49,-16,-10,3,1,-21,-35,-39,0,0,0,0,-33,-22,9,16,9,8,-9,-35,0,0,0,0,-32,-12,18,12,17,-4,-16,-38,0,0,0,0,-37,-31,7,6,-19,-19,-37,-64,0,0,0,0,-40,-19,-40,-5,-17,-41,-42,-74,0,0,0,0,-60,-55,-20,-37,-38,-42,-76,-117,0,0,0,0,0,0,0,0,0,0,0,0,0,0,0,0,0,0,0,0,0,0,0,0,0,0];
const BBISHOP_PSTS    = [0,0,0,0,0,0,0,0,0,0,0,0,0,0,0,0,0,0,0,0,0,0,0,0,0,0,-10,26,20,14,20,16,-15,3,0,0,0,0,24,31,27,16,19,39,59,19,0,0,0,0,17,35,30,29,29,39,39,25,0,0,0,0,5,14,17,30,31,13,14,14,0,0,0,0,1,1,11,42,23,18,3,-1,0,0,0,0,-27,30,28,18,16,47,31,-8,0,0,0,0,-30,-1,-31,-38,14,20,45,-68,0,0,0,0,-42,-15,-120,-72,-49,-69,-9,-16,0,0,0,0,0,0,0,0,0,0,0,0,0,0,0,0,0,0,0,0,0,0,0,0,0,0];
const BBISHOP_PSTE    = [0,0,0,0,0,0,0,0,0,0,0,0,0,0,0,0,0,0,0,0,0,0,0,0,0,0,-41,-34,-41,-36,-37,-35,-30,-36,0,0,0,0,-40,-49,-39,-34,-32,-36,-45,-52,0,0,0,0,-34,-30,-25,-22,-17,-30,-35,-35,0,0,0,0,-31,-29,-13,-9,-21,-20,-32,-36,0,0,0,0,-29,-11,-14,-15,-10,-19,-21,-26,0,0,0,0,-13,-29,-24,-23,-27,-27,-23,-18,0,0,0,0,-18,-26,-14,-23,-26,-29,-33,-24,0,0,0,0,-29,-35,-16,-23,-17,-20,-37,-44,0,0,0,0,0,0,0,0,0,0,0,0,0,0,0,0,0,0,0,0,0,0,0,0,0,0];
const BROOK_PSTS      = [0,0,0,0,0,0,0,0,0,0,0,0,0,0,0,0,0,0,0,0,0,0,0,0,0,0,-5,-8,1,12,14,14,-38,-5,0,0,0,0,-37,-12,-10,2,7,10,-12,-77,0,0,0,0,-37,-19,-10,-15,7,3,-3,-28,0,0,0,0,-35,-31,-17,-10,-1,-10,3,-29,0,0,0,0,-30,-23,2,17,0,19,-24,-31,0,0,0,0,-9,5,2,11,-8,17,48,-4,0,0,0,0,3,6,37,42,49,49,-15,20,0,0,0,0,16,30,9,35,33,3,7,23,0,0,0,0,0,0,0,0,0,0,0,0,0,0,0,0,0,0,0,0,0,0,0,0,0,0];
const BROOK_PSTE      = [0,0,0,0,0,0,0,0,0,0,0,0,0,0,0,0,0,0,0,0,0,0,0,0,0,0,8,15,17,9,3,-1,20,-13,0,0,0,0,19,11,16,10,1,2,3,24,0,0,0,0,24,22,14,19,7,7,10,12,0,0,0,0,38,38,36,29,17,19,14,24,0,0,0,0,45,43,41,28,30,29,31,38,0,0,0,0,42,42,42,41,38,26,20,29,0,0,0,0,28,29,27,21,10,16,35,25,0,0,0,0,43,36,43,36,36,39,40,37,0,0,0,0,0,0,0,0,0,0,0,0,0,0,0,0,0,0,0,0,0,0,0,0,0,0];
const BQUEEN_PSTS     = [0,0,0,0,0,0,0,0,0,0,0,0,0,0,0,0,0,0,0,0,0,0,0,0,0,0,2,-1,6,21,-2,-7,-11,-29,0,0,0,0,-21,8,21,19,28,25,17,25,0,0,0,0,-24,12,-1,6,8,7,15,4,0,0,0,0,-5,-37,-8,-17,-2,-7,-8,-8,0,0,0,0,-28,-31,-24,-18,-3,-4,-3,-7,0,0,0,0,-11,-12,12,-19,24,65,46,58,0,0,0,0,-10,-33,3,9,-22,45,38,59,0,0,0,0,-14,-2,12,6,70,54,56,52,0,0,0,0,0,0,0,0,0,0,0,0,0,0,0,0,0,0,0,0,0,0,0,0,0,0];
const BQUEEN_PSTE     = [0,0,0,0,0,0,0,0,0,0,0,0,0,0,0,0,0,0,0,0,0,0,0,0,0,0,-35,-38,-32,-46,-5,-29,-20,-43,0,0,0,0,-11,-27,-39,-23,-30,-29,-43,-31,0,0,0,0,14,-34,12,-6,0,22,22,29,0,0,0,0,-4,49,21,55,28,41,54,44,0,0,0,0,39,35,37,52,63,55,80,76,0,0,0,0,-1,20,4,76,66,43,46,29,0,0,0,0,-6,20,31,37,67,35,25,21,0,0,0,0,0,32,38,40,30,34,9,31,0,0,0,0,0,0,0,0,0,0,0,0,0,0,0,0,0,0,0,0,0,0,0,0,0,0];
const BKING_PSTS      = [0,0,0,0,0,0,0,0,0,0,0,0,0,0,0,0,0,0,0,0,0,0,0,0,0,0,-8,77,63,-38,50,-9,68,27,0,0,0,0,28,62,25,-31,-15,9,56,35,0,0,0,0,14,29,3,-25,-29,-19,18,-20,0,0,0,0,-30,29,-25,-68,-70,-46,-39,-75,0,0,0,0,-13,2,-2,-45,-47,-38,-11,-64,0,0,0,0,33,29,31,-47,-9,31,65,-10,0,0,0,0,35,25,-8,1,-29,8,-5,-55,0,0,0,0,-86,38,17,-17,-89,-65,12,-15,0,0,0,0,0,0,0,0,0,0,0,0,0,0,0,0,0,0,0,0,0,0,0,0,0,0];
const BKING_PSTE      = [0,0,0,0,0,0,0,0,0,0,0,0,0,0,0,0,0,0,0,0,0,0,0,0,0,0,-83,-69,-58,-40,-62,-38,-64,-78,0,0,0,0,-53,-43,-26,-15,-13,-19,-35,-46,0,0,0,0,-40,-24,-10,-1,3,-2,-16,-25,0,0,0,0,-33,-19,8,18,20,14,4,-14,0,0,0,0,-16,5,14,21,20,29,23,1,0,0,0,0,-11,8,5,14,11,39,32,4,0,0,0,0,-30,-11,0,-1,11,25,8,-3,0,0,0,0,-134,-65,-36,-53,-27,-1,-32,-43,0,0,0,0,0,0,0,0,0,0,0,0,0,0,0,0,0,0,0,0,0,0,0,0,0,0];
const WOUTPOST        = [0,0,0,0,0,0,0,0,0,0,0,0,0,0,0,0,0,0,0,0,0,0,0,0,0,0,0,0,0,0,0,0,0,0,0,0,0,0,0,0,0,0,0,0,0,0,0,0,0,0,0,19,29,24,36,30,32,0,0,0,0,0,0,18,28,36,25,51,58,0,0,0,0,0,0,20,28,29,24,30,24,0,0,0,0,0,0,0,0,0,0,0,0,0,0,0,0,0,0,0,0,0,0,0,0,0,0,0,0,0,0,0,0,0,0,0,0,0,0,0,0,0,0,0,0,0,0,0,0,0,0,0,0,0,0,0,0,0,0,0,0,0,0,0];
const BOUTPOST        = [0,0,0,0,0,0,0,0,0,0,0,0,0,0,0,0,0,0,0,0,0,0,0,0,0,0,0,0,0,0,0,0,0,0,0,0,0,0,0,0,0,0,0,0,0,0,0,0,0,0,0,0,0,0,0,0,0,0,0,0,0,0,0,20,28,29,24,30,24,0,0,0,0,0,0,18,28,36,25,51,58,0,0,0,0,0,0,19,29,24,36,30,32,0,0,0,0,0,0,0,0,0,0,0,0,0,0,0,0,0,0,0,0,0,0,0,0,0,0,0,0,0,0,0,0,0,0,0,0,0,0,0,0,0,0,0,0,0,0,0,0,0,0,0];
const EV              = [6,-2,8,3,5,3,2,8,34,9,41,45,21,27,7,18,15,15,7,1,2,15,86,44,5,26,22,-1,-10,32,44,7,-3,23,101,72,122,793,45,27,0,0,0,0,0,0,59,9,6,32,5,-2,13,10,7,7,-11,2,59,15,37,30,55,45,-4,23];
const WSTORM          = [0,0,8,27,9,8,-9,1,0,9];
const WSHELTER        = [0,0,3,7,14,16,39,20,0,33];
const IMBALN_S        = [-104,31,15,3,0,2,7,22,39];
const IMBALN_E        = [-108,-55,-33,-18,-3,16,41,58,57];
const IMBALB_S        = [-67,2,8,9,14,14,14,18,27];
const IMBALB_E        = [-6,-33,-27,-20,-12,0,16,30,41];
const IMBALR_S        = [59,16,-17,-22,-22,-19,-8,7,22];
const IMBALR_E        = [-29,-35,-6,5,18,35,47,60,79];
const IMBALQ_S        = [-11,-32,-21,0,12,15,18,10,-5];
const IMBALQ_E        = [-67,-44,-18,-9,3,26,43,52,23];
const MOBN_S          = [-6,5,15,21,29,34,37,42,49];
const MOBN_E          = [-2,-8,-4,1,-4,-5,-9,-15,-22];
const MOBB_S          = [-14,6,24,32,39,48,53,59,66,75,76,89,95,103];
const MOBB_E          = [-19,-18,-7,4,18,24,29,29,34,30,31,26,33,26];
const MOBR_S          = [-9,7,12,19,20,27,32,39,45,50,52,57,69,71,73];
const MOBR_E          = [-24,-17,-1,12,23,25,29,29,31,34,36,38,35,26,32];
const MOBQ_S          = [4,5,4,3,8,13,14,15,20,24,23,23,26,27,27,31,32,35,37,39,38,36,42,44,46,49,50,54];
const MOBQ_E          = [0,8,16,19,30,40,45,61,70,80,89,99,109,111,119,123,129,134,140,147,153,156,172,176,187,197,206,216];

//}}}

//{{{  fix material tuned feature weights

// data=data/quiet-labeled2.epd
// features=736
// k=3.446
// loss=0.05533657329626914
// epochs=4160
// last update Thu Feb 24 2022 21:20:52 GMT+0000 (Greenwich Mean Time)

const VALUE_VECTOR    = [0,100,325,325,500,975,10000];
const WPAWN_PSTS      = [
     0,    0,    0,    0,    0,    0,    0,    0,    0,    0,    0,    0,
     0,    0,    0,    0,    0,    0,    0,    0,    0,    0,    0,    0,
     0,    0,  -15,   -5,    0,    5,    5,    0,   -5,  -15,    0,    0,
     0,    0,   28,   98,   45,   88,   95,  108,   23,  -32,    0,    0,
     0,    0,  -20,  -19,   -4,  -12,   35,   62,   29,  -21,    0,    0,
     0,    0,  -36,  -14,  -26,   -4,   -7,   -7,  -10,  -45,    0,    0,
     0,    0,  -51,  -49,  -25,  -14,  -18,   -8,  -38,  -52,    0,    0,
     0,    0,  -43,  -48,  -29,  -26,  -24,   -6,   -6,  -30,    0,    0,
     0,    0,  -53,  -37,  -56,  -40,  -56,   -6,   -4,  -46,    0,    0,
     0,    0,  -15,   -5,    0,    5,    5,    0,   -5,  -15,    0,    0,
     0,    0,    0,    0,    0,    0,    0,    0,    0,    0,    0,    0,
     0,    0,    0,    0,    0,    0,    0,    0,    0,    0,    0,    0
];
const WPAWN_PSTE      = [
     0,    0,    0,    0,    0,    0,    0,    0,    0,    0,    0,    0,
     0,    0,    0,    0,    0,    0,    0,    0,    0,    0,    0,    0,
     0,    0,    0,    0,    0,    0,    0,    0,    0,    0,    0,    0,
     0,    0,  -24,  -19,    4,   -6,   17,  -20,   14,   19,    0,    0,
     0,    0,  -13,  -14,  -17,  -25,  -35,  -32,  -16,  -11,    0,    0,
     0,    0,  -13,  -25,  -29,  -43,  -37,  -32,  -23,  -17,    0,    0,
     0,    0,  -15,  -19,  -31,  -36,  -33,  -35,  -28,  -23,    0,    0,
     0,    0,  -28,  -27,  -31,  -30,  -24,  -31,  -39,  -34,    0,    0,
     0,    0,  -21,  -31,  -13,  -22,   -5,  -24,  -37,  -34,    0,    0,
     0,    0,    0,    0,    0,    0,    0,    0,    0,    0,    0,    0,
     0,    0,    0,    0,    0,    0,    0,    0,    0,    0,    0,    0,
     0,    0,    0,    0,    0,    0,    0,    0,    0,    0,    0,    0
];
const WKNIGHT_PSTS    = [
     0,    0,    0,    0,    0,    0,    0,    0,    0,    0,    0,    0,
     0,    0,    0,    0,    0,    0,    0,    0,    0,    0,    0,    0,
     0,    0, -151,  -84,  -48,  -46,   33, -108,  -45,  -79,    0,    0,
     0,    0,  -81,  -48,   57,   20,   12,   42,   -1,  -28,    0,    0,
     0,    0,  -43,   26,    9,   34,   59,  103,   39,   51,    0,    0,
     0,    0,    7,   30,    8,   34,   38,   62,   33,   37,    0,    0,
     0,    0,    9,   26,   24,   21,   40,   36,   37,   10,    0,    0,
     0,    0,    4,   13,   32,   47,   56,   45,   51,   14,    0,    0,
     0,    0,   -5,  -24,   18,   31,   38,   42,   28,   23,    0,    0,
     0,    0, -104,   11,  -21,   -1,   33,   12,   12,    0,    0,    0,
     0,    0,    0,    0,    0,    0,    0,    0,    0,    0,    0,    0,
     0,    0,    0,    0,    0,    0,    0,    0,    0,    0,    0,    0
];
const WKNIGHT_PSTE    = [
     0,    0,    0,    0,    0,    0,    0,    0,    0,    0,    0,    0,
     0,    0,    0,    0,    0,    0,    0,    0,    0,    0,    0,    0,
     0,    0,  -50,  -48,  -10,  -30,  -31,  -33,  -71, -108,    0,    0,
     0,    0,  -31,  -10,  -29,    4,  -11,  -31,  -33,  -70,    0,    0,
     0,    0,  -28,  -20,   16,   16,   -9,  -13,  -29,  -55,    0,    0,
     0,    0,  -20,   -1,   27,   23,   27,    4,  -11,  -29,    0,    0,
     0,    0,  -21,  -15,   17,   24,   16,   16,    2,  -24,    0,    0,
     0,    0,  -37,   -5,    1,   12,   12,   -5,  -26,  -28,    0,    0,
     0,    0,  -51,  -22,  -16,  -13,  -12,  -24,  -29,  -59,    0,    0,
     0,    0,  -35,  -62,  -32,  -21,  -35,  -32,  -67,  -89,    0,    0,
     0,    0,    0,    0,    0,    0,    0,    0,    0,    0,    0,    0,
     0,    0,    0,    0,    0,    0,    0,    0,    0,    0,    0,    0
];
const WBISHOP_PSTS    = [
     0,    0,    0,    0,    0,    0,    0,    0,    0,    0,    0,    0,
     0,    0,    0,    0,    0,    0,    0,    0,    0,    0,    0,    0,
     0,    0,  -38,  -14, -124,  -77,  -50,  -68,   -9,  -13,    0,    0,
     0,    0,  -28,   -4,  -36,  -41,   12,   24,   34,  -69,    0,    0,
     0,    0,  -22,   29,   28,   12,   14,   42,   28,   -4,    0,    0,
     0,    0,    4,    0,    9,   43,   16,   18,   -4,    6,    0,    0,
     0,    0,    3,   17,   16,   29,   30,    6,   14,   15,    0,    0,
     0,    0,   13,   30,   30,   22,   32,   44,   38,   25,    0,    0,
     0,    0,   23,   32,   24,   22,   22,   41,   59,   20,    0,    0,
     0,    0,  -10,   25,   26,   22,   28,   21,  -14,    6,    0,    0,
     0,    0,    0,    0,    0,    0,    0,    0,    0,    0,    0,    0,
     0,    0,    0,    0,    0,    0,    0,    0,    0,    0,    0,    0
];
const WBISHOP_PSTE    = [
     0,    0,    0,    0,    0,    0,    0,    0,    0,    0,    0,    0,
     0,    0,    0,    0,    0,    0,    0,    0,    0,    0,    0,    0,
     0,    0,  -27,  -34,  -17,  -21,  -13,  -20,  -36,  -41,    0,    0,
     0,    0,  -17,  -21,  -12,  -22,  -23,  -25,  -29,  -23,    0,    0,
     0,    0,  -13,  -26,  -23,  -23,  -22,  -26,  -23,  -16,    0,    0,
     0,    0,  -24,  -14,  -12,  -14,   -7,  -17,  -21,  -21,    0,    0,
     0,    0,  -28,  -25,  -12,   -8,  -20,  -14,  -29,  -30,    0,    0,
     0,    0,  -30,  -26,  -19,  -16,  -13,  -25,  -28,  -31,    0,    0,
     0,    0,  -36,  -37,  -34,  -29,  -23,  -32,  -38,  -48,    0,    0,
     0,    0,  -34,  -30,  -31,  -27,  -30,  -27,  -25,  -31,    0,    0,
     0,    0,    0,    0,    0,    0,    0,    0,    0,    0,    0,    0,
     0,    0,    0,    0,    0,    0,    0,    0,    0,    0,    0,    0
];
const WROOK_PSTS      = [
     0,    0,    0,    0,    0,    0,    0,    0,    0,    0,    0,    0,
     0,    0,    0,    0,    0,    0,    0,    0,    0,    0,    0,    0,
     0,    0,   14,   30,    6,   38,   36,    2,    3,   20,    0,    0,
     0,    0,    2,    7,   37,   41,   49,   53,  -11,   21,    0,    0,
     0,    0,  -14,    0,   -2,    6,  -14,   16,   53,   -6,    0,    0,
     0,    0,  -30,  -27,    1,   14,   -1,   20,  -23,  -30,    0,    0,
     0,    0,  -33,  -31,  -16,   -8,    4,   -6,    7,  -27,    0,    0,
     0,    0,  -29,  -14,   -3,   -8,   11,    9,    1,  -23,    0,    0,
     0,    0,  -24,   -4,   -7,    9,   19,   19,   -1,  -54,    0,    0,
     0,    0,    3,    3,    8,   17,   18,   21,  -20,    6,    0,    0,
     0,    0,    0,    0,    0,    0,    0,    0,    0,    0,    0,    0,
     0,    0,    0,    0,    0,    0,    0,    0,    0,    0,    0,    0
];
const WROOK_PSTE      = [
     0,    0,    0,    0,    0,    0,    0,    0,    0,    0,    0,    0,
     0,    0,    0,    0,    0,    0,    0,    0,    0,    0,    0,    0,
     0,    0,   48,   39,   48,   40,   41,   42,   40,   38,    0,    0,
     0,    0,   38,   36,   29,   25,   12,   23,   42,   32,    0,    0,
     0,    0,   48,   48,   45,   44,   42,   32,   28,   34,    0,    0,
     0,    0,   50,   45,   48,   33,   37,   36,   38,   48,    0,    0,
     0,    0,   43,   46,   44,   36,   26,   27,   23,   32,    0,    0,
     0,    0,   32,   32,   21,   27,   15,   15,   21,   21,    0,    0,
     0,    0,   27,   20,   26,   22,   10,   12,   14,   32,    0,    0,
     0,    0,   21,   27,   27,   20,   16,   14,   25,   -1,    0,    0,
     0,    0,    0,    0,    0,    0,    0,    0,    0,    0,    0,    0,
     0,    0,    0,    0,    0,    0,    0,    0,    0,    0,    0,    0
];
const WQUEEN_PSTS     = [
     0,    0,    0,    0,    0,    0,    0,    0,    0,    0,    0,    0,
     0,    0,    0,    0,    0,    0,    0,    0,    0,    0,    0,    0,
     0,    0,  -11,   -3,   12,    5,   74,   54,   57,   56,    0,    0,
     0,    0,   -9,  -34,    1,    9,  -25,   48,   43,   57,    0,    0,
     0,    0,   -9,  -15,   18,  -25,   26,   64,   46,   55,    0,    0,
     0,    0,  -33,  -31,  -28,  -25,   -4,   -6,   -6,  -13,    0,    0,
     0,    0,   -5,  -40,  -11,  -15,   -3,   -6,   -9,   -8,    0,    0,
     0,    0,  -21,   12,   -1,    6,    8,    2,   13,    7,    0,    0,
     0,    0,  -21,    8,   20,   20,   31,   33,   19,   27,    0,    0,
     0,    0,    7,    4,   11,   23,    5,   -1,   -8,  -28,    0,    0,
     0,    0,    0,    0,    0,    0,    0,    0,    0,    0,    0,    0,
     0,    0,    0,    0,    0,    0,    0,    0,    0,    0,    0,    0
];
const WQUEEN_PSTE     = [
     0,    0,    0,    0,    0,    0,    0,    0,    0,    0,    0,    0,
     0,    0,    0,    0,    0,    0,    0,    0,    0,    0,    0,    0,
     0,    0,   -1,   34,   38,   40,   30,   34,    8,   34,    0,    0,
     0,    0,   -8,   19,   28,   37,   66,   36,   26,   20,    0,    0,
     0,    0,    0,   19,   -1,   73,   66,   42,   47,   29,    0,    0,
     0,    0,   39,   35,   35,   52,   59,   54,   82,   80,    0,    0,
     0,    0,   -7,   49,   21,   52,   26,   40,   53,   47,    0,    0,
     0,    0,   15,  -34,   12,   -8,    1,   23,   23,   31,    0,    0,
     0,    0,   -8,  -29,  -34,  -24,  -29,  -22,  -42,  -28,    0,    0,
     0,    0,  -30,  -38,  -30,  -39,   -2,  -24,  -18,  -41,    0,    0,
     0,    0,    0,    0,    0,    0,    0,    0,    0,    0,    0,    0,
     0,    0,    0,    0,    0,    0,    0,    0,    0,    0,    0,    0
];
const WKING_PSTS      = [
     0,    0,    0,    0,    0,    0,    0,    0,    0,    0,    0,    0,
     0,    0,    0,    0,    0,    0,    0,    0,    0,    0,    0,    0,
     0,    0,  -86,   39,   19,  -16,  -89,  -66,   12,  -15,    0,    0,
     0,    0,   37,   26,   -8,    4,  -29,    7,   -7,  -57,    0,    0,
     0,    0,   34,   29,   33,  -49,   -9,   33,   68,  -11,    0,    0,
     0,    0,  -14,    2,   -2,  -47,  -51,  -40,  -14,  -66,    0,    0,
     0,    0,  -32,   30,  -27,  -73,  -75,  -48,  -43,  -78,    0,    0,
     0,    0,   13,   30,    5,  -20,  -28,  -15,   18,  -16,    0,    0,
     0,    0,   28,   60,   28,  -21,   -1,   15,   57,   38,    0,    0,
     0,    0,   -4,   69,   53,  -29,   43,   -2,   59,   28,    0,    0,
     0,    0,    0,    0,    0,    0,    0,    0,    0,    0,    0,    0,
     0,    0,    0,    0,    0,    0,    0,    0,    0,    0,    0,    0
];
const WKING_PSTE      = [
     0,    0,    0,    0,    0,    0,    0,    0,    0,    0,    0,    0,
     0,    0,    0,    0,    0,    0,    0,    0,    0,    0,    0,    0,
     0,    0, -132,  -64,  -34,  -51,  -25,   -1,  -32,  -43,    0,    0,
     0,    0,  -30,  -15,   -4,    0,    8,   22,    2,   -3,    0,    0,
     0,    0,  -13,    0,   -2,    7,    5,   39,   30,    0,    0,    0,
     0,    0,  -15,    3,    9,   12,   14,   23,   20,    0,    0,    0,
     0,    0,  -31,  -23,    5,   14,   18,   12,    1,  -12,    0,    0,
     0,    0,  -35,  -24,   -9,    0,    3,   -1,  -12,  -22,    0,    0,
     0,    0,  -50,  -41,  -21,  -13,  -11,  -17,  -32,  -42,    0,    0,
     0,    0,  -80,  -68,  -52,  -33,  -57,  -32,  -57,  -73,    0,    0,
     0,    0,    0,    0,    0,    0,    0,    0,    0,    0,    0,    0,
     0,    0,    0,    0,    0,    0,    0,    0,    0,    0,    0,    0
];
const BPAWN_PSTS      = [
     0,    0,    0,    0,    0,    0,    0,    0,    0,    0,    0,    0,
     0,    0,    0,    0,    0,    0,    0,    0,    0,    0,    0,    0,
     0,    0,  -15,   -5,    0,    5,    5,    0,   -5,  -15,    0,    0,
     0,    0,  -53,  -37,  -56,  -40,  -56,   -6,   -4,  -46,    0,    0,
     0,    0,  -43,  -48,  -29,  -26,  -24,   -6,   -6,  -30,    0,    0,
     0,    0,  -51,  -49,  -25,  -14,  -18,   -8,  -38,  -52,    0,    0,
     0,    0,  -36,  -14,  -26,   -4,   -7,   -7,  -10,  -45,    0,    0,
     0,    0,  -20,  -19,   -4,  -12,   35,   62,   29,  -21,    0,    0,
     0,    0,   28,   98,   45,   88,   95,  108,   23,  -32,    0,    0,
     0,    0,  -15,   -5,    0,    5,    5,    0,   -5,  -15,    0,    0,
     0,    0,    0,    0,    0,    0,    0,    0,    0,    0,    0,    0,
     0,    0,    0,    0,    0,    0,    0,    0,    0,    0,    0,    0
];
const BPAWN_PSTE      = [
     0,    0,    0,    0,    0,    0,    0,    0,    0,    0,    0,    0,
     0,    0,    0,    0,    0,    0,    0,    0,    0,    0,    0,    0,
     0,    0,    0,    0,    0,    0,    0,    0,    0,    0,    0,    0,
     0,    0,  -21,  -31,  -13,  -22,   -5,  -24,  -37,  -34,    0,    0,
     0,    0,  -28,  -27,  -31,  -30,  -24,  -31,  -39,  -34,    0,    0,
     0,    0,  -15,  -19,  -31,  -36,  -33,  -35,  -28,  -23,    0,    0,
     0,    0,  -13,  -25,  -29,  -43,  -37,  -32,  -23,  -17,    0,    0,
     0,    0,  -13,  -14,  -17,  -25,  -35,  -32,  -16,  -11,    0,    0,
     0,    0,  -24,  -19,    4,   -6,   17,  -20,   14,   19,    0,    0,
     0,    0,    0,    0,    0,    0,    0,    0,    0,    0,    0,    0,
     0,    0,    0,    0,    0,    0,    0,    0,    0,    0,    0,    0,
     0,    0,    0,    0,    0,    0,    0,    0,    0,    0,    0,    0
];
const BKNIGHT_PSTS    = [
     0,    0,    0,    0,    0,    0,    0,    0,    0,    0,    0,    0,
     0,    0,    0,    0,    0,    0,    0,    0,    0,    0,    0,    0,
     0,    0, -104,   11,  -21,   -1,   33,   12,   12,    0,    0,    0,
     0,    0,   -5,  -24,   18,   31,   38,   42,   28,   23,    0,    0,
     0,    0,    4,   13,   32,   47,   56,   45,   51,   14,    0,    0,
     0,    0,    9,   26,   24,   21,   40,   36,   37,   10,    0,    0,
     0,    0,    7,   30,    8,   34,   38,   62,   33,   37,    0,    0,
     0,    0,  -43,   26,    9,   34,   59,  103,   39,   51,    0,    0,
     0,    0,  -81,  -48,   57,   20,   12,   42,   -1,  -28,    0,    0,
     0,    0, -151,  -84,  -48,  -46,   33, -108,  -45,  -79,    0,    0,
     0,    0,    0,    0,    0,    0,    0,    0,    0,    0,    0,    0,
     0,    0,    0,    0,    0,    0,    0,    0,    0,    0,    0,    0
];
const BKNIGHT_PSTE    = [
     0,    0,    0,    0,    0,    0,    0,    0,    0,    0,    0,    0,
     0,    0,    0,    0,    0,    0,    0,    0,    0,    0,    0,    0,
     0,    0,  -35,  -62,  -32,  -21,  -35,  -32,  -67,  -89,    0,    0,
     0,    0,  -51,  -22,  -16,  -13,  -12,  -24,  -29,  -59,    0,    0,
     0,    0,  -37,   -5,    1,   12,   12,   -5,  -26,  -28,    0,    0,
     0,    0,  -21,  -15,   17,   24,   16,   16,    2,  -24,    0,    0,
     0,    0,  -20,   -1,   27,   23,   27,    4,  -11,  -29,    0,    0,
     0,    0,  -28,  -20,   16,   16,   -9,  -13,  -29,  -55,    0,    0,
     0,    0,  -31,  -10,  -29,    4,  -11,  -31,  -33,  -70,    0,    0,
     0,    0,  -50,  -48,  -10,  -30,  -31,  -33,  -71, -108,    0,    0,
     0,    0,    0,    0,    0,    0,    0,    0,    0,    0,    0,    0,
     0,    0,    0,    0,    0,    0,    0,    0,    0,    0,    0,    0
];
const BBISHOP_PSTS    = [
     0,    0,    0,    0,    0,    0,    0,    0,    0,    0,    0,    0,
     0,    0,    0,    0,    0,    0,    0,    0,    0,    0,    0,    0,
     0,    0,  -10,   25,   26,   22,   28,   21,  -14,    6,    0,    0,
     0,    0,   23,   32,   24,   22,   22,   41,   59,   20,    0,    0,
     0,    0,   13,   30,   30,   22,   32,   44,   38,   25,    0,    0,
     0,    0,    3,   17,   16,   29,   30,    6,   14,   15,    0,    0,
     0,    0,    4,    0,    9,   43,   16,   18,   -4,    6,    0,    0,
     0,    0,  -22,   29,   28,   12,   14,   42,   28,   -4,    0,    0,
     0,    0,  -28,   -4,  -36,  -41,   12,   24,   34,  -69,    0,    0,
     0,    0,  -38,  -14, -124,  -77,  -50,  -68,   -9,  -13,    0,    0,
     0,    0,    0,    0,    0,    0,    0,    0,    0,    0,    0,    0,
     0,    0,    0,    0,    0,    0,    0,    0,    0,    0,    0,    0
];
const BBISHOP_PSTE    = [
     0,    0,    0,    0,    0,    0,    0,    0,    0,    0,    0,    0,
     0,    0,    0,    0,    0,    0,    0,    0,    0,    0,    0,    0,
     0,    0,  -34,  -30,  -31,  -27,  -30,  -27,  -25,  -31,    0,    0,
     0,    0,  -36,  -37,  -34,  -29,  -23,  -32,  -38,  -48,    0,    0,
     0,    0,  -30,  -26,  -19,  -16,  -13,  -25,  -28,  -31,    0,    0,
     0,    0,  -28,  -25,  -12,   -8,  -20,  -14,  -29,  -30,    0,    0,
     0,    0,  -24,  -14,  -12,  -14,   -7,  -17,  -21,  -21,    0,    0,
     0,    0,  -13,  -26,  -23,  -23,  -22,  -26,  -23,  -16,    0,    0,
     0,    0,  -17,  -21,  -12,  -22,  -23,  -25,  -29,  -23,    0,    0,
     0,    0,  -27,  -34,  -17,  -21,  -13,  -20,  -36,  -41,    0,    0,
     0,    0,    0,    0,    0,    0,    0,    0,    0,    0,    0,    0,
     0,    0,    0,    0,    0,    0,    0,    0,    0,    0,    0,    0
];
const BROOK_PSTS      = [
     0,    0,    0,    0,    0,    0,    0,    0,    0,    0,    0,    0,
     0,    0,    0,    0,    0,    0,    0,    0,    0,    0,    0,    0,
     0,    0,    3,    3,    8,   17,   18,   21,  -20,    6,    0,    0,
     0,    0,  -24,   -4,   -7,    9,   19,   19,   -1,  -54,    0,    0,
     0,    0,  -29,  -14,   -3,   -8,   11,    9,    1,  -23,    0,    0,
     0,    0,  -33,  -31,  -16,   -8,    4,   -6,    7,  -27,    0,    0,
     0,    0,  -30,  -27,    1,   14,   -1,   20,  -23,  -30,    0,    0,
     0,    0,  -14,    0,   -2,    6,  -14,   16,   53,   -6,    0,    0,
     0,    0,    2,    7,   37,   41,   49,   53,  -11,   21,    0,    0,
     0,    0,   14,   30,    6,   38,   36,    2,    3,   20,    0,    0,
     0,    0,    0,    0,    0,    0,    0,    0,    0,    0,    0,    0,
     0,    0,    0,    0,    0,    0,    0,    0,    0,    0,    0,    0
];
const BROOK_PSTE      = [
     0,    0,    0,    0,    0,    0,    0,    0,    0,    0,    0,    0,
     0,    0,    0,    0,    0,    0,    0,    0,    0,    0,    0,    0,
     0,    0,   21,   27,   27,   20,   16,   14,   25,   -1,    0,    0,
     0,    0,   27,   20,   26,   22,   10,   12,   14,   32,    0,    0,
     0,    0,   32,   32,   21,   27,   15,   15,   21,   21,    0,    0,
     0,    0,   43,   46,   44,   36,   26,   27,   23,   32,    0,    0,
     0,    0,   50,   45,   48,   33,   37,   36,   38,   48,    0,    0,
     0,    0,   48,   48,   45,   44,   42,   32,   28,   34,    0,    0,
     0,    0,   38,   36,   29,   25,   12,   23,   42,   32,    0,    0,
     0,    0,   48,   39,   48,   40,   41,   42,   40,   38,    0,    0,
     0,    0,    0,    0,    0,    0,    0,    0,    0,    0,    0,    0,
     0,    0,    0,    0,    0,    0,    0,    0,    0,    0,    0,    0
];
const BQUEEN_PSTS     = [
     0,    0,    0,    0,    0,    0,    0,    0,    0,    0,    0,    0,
     0,    0,    0,    0,    0,    0,    0,    0,    0,    0,    0,    0,
     0,    0,    7,    4,   11,   23,    5,   -1,   -8,  -28,    0,    0,
     0,    0,  -21,    8,   20,   20,   31,   33,   19,   27,    0,    0,
     0,    0,  -21,   12,   -1,    6,    8,    2,   13,    7,    0,    0,
     0,    0,   -5,  -40,  -11,  -15,   -3,   -6,   -9,   -8,    0,    0,
     0,    0,  -33,  -31,  -28,  -25,   -4,   -6,   -6,  -13,    0,    0,
     0,    0,   -9,  -15,   18,  -25,   26,   64,   46,   55,    0,    0,
     0,    0,   -9,  -34,    1,    9,  -25,   48,   43,   57,    0,    0,
     0,    0,  -11,   -3,   12,    5,   74,   54,   57,   56,    0,    0,
     0,    0,    0,    0,    0,    0,    0,    0,    0,    0,    0,    0,
     0,    0,    0,    0,    0,    0,    0,    0,    0,    0,    0,    0
];
const BQUEEN_PSTE     = [
     0,    0,    0,    0,    0,    0,    0,    0,    0,    0,    0,    0,
     0,    0,    0,    0,    0,    0,    0,    0,    0,    0,    0,    0,
     0,    0,  -30,  -38,  -30,  -39,   -2,  -24,  -18,  -41,    0,    0,
     0,    0,   -8,  -29,  -34,  -24,  -29,  -22,  -42,  -28,    0,    0,
     0,    0,   15,  -34,   12,   -8,    1,   23,   23,   31,    0,    0,
     0,    0,   -7,   49,   21,   52,   26,   40,   53,   47,    0,    0,
     0,    0,   39,   35,   35,   52,   59,   54,   82,   80,    0,    0,
     0,    0,    0,   19,   -1,   73,   66,   42,   47,   29,    0,    0,
     0,    0,   -8,   19,   28,   37,   66,   36,   26,   20,    0,    0,
     0,    0,   -1,   34,   38,   40,   30,   34,    8,   34,    0,    0,
     0,    0,    0,    0,    0,    0,    0,    0,    0,    0,    0,    0,
     0,    0,    0,    0,    0,    0,    0,    0,    0,    0,    0,    0
];
const BKING_PSTS      = [
     0,    0,    0,    0,    0,    0,    0,    0,    0,    0,    0,    0,
     0,    0,    0,    0,    0,    0,    0,    0,    0,    0,    0,    0,
     0,    0,   -4,   69,   53,  -29,   43,   -2,   59,   28,    0,    0,
     0,    0,   28,   60,   28,  -21,   -1,   15,   57,   38,    0,    0,
     0,    0,   13,   30,    5,  -20,  -28,  -15,   18,  -16,    0,    0,
     0,    0,  -32,   30,  -27,  -73,  -75,  -48,  -43,  -78,    0,    0,
     0,    0,  -14,    2,   -2,  -47,  -51,  -40,  -14,  -66,    0,    0,
     0,    0,   34,   29,   33,  -49,   -9,   33,   68,  -11,    0,    0,
     0,    0,   37,   26,   -8,    4,  -29,    7,   -7,  -57,    0,    0,
     0,    0,  -86,   39,   19,  -16,  -89,  -66,   12,  -15,    0,    0,
     0,    0,    0,    0,    0,    0,    0,    0,    0,    0,    0,    0,
     0,    0,    0,    0,    0,    0,    0,    0,    0,    0,    0,    0
];
const BKING_PSTE      = [
     0,    0,    0,    0,    0,    0,    0,    0,    0,    0,    0,    0,
     0,    0,    0,    0,    0,    0,    0,    0,    0,    0,    0,    0,
     0,    0,  -80,  -68,  -52,  -33,  -57,  -32,  -57,  -73,    0,    0,
     0,    0,  -50,  -41,  -21,  -13,  -11,  -17,  -32,  -42,    0,    0,
     0,    0,  -35,  -24,   -9,    0,    3,   -1,  -12,  -22,    0,    0,
     0,    0,  -31,  -23,    5,   14,   18,   12,    1,  -12,    0,    0,
     0,    0,  -15,    3,    9,   12,   14,   23,   20,    0,    0,    0,
     0,    0,  -13,    0,   -2,    7,    5,   39,   30,    0,    0,    0,
     0,    0,  -30,  -15,   -4,    0,    8,   22,    2,   -3,    0,    0,
     0,    0, -132,  -64,  -34,  -51,  -25,   -1,  -32,  -43,    0,    0,
     0,    0,    0,    0,    0,    0,    0,    0,    0,    0,    0,    0,
     0,    0,    0,    0,    0,    0,    0,    0,    0,    0,    0,    0
];
const WOUTPOST        = [
     0,    0,    0,    0,    0,    0,    0,    0,    0,    0,    0,    0,
     0,    0,    0,    0,    0,    0,    0,    0,    0,    0,    0,    0,
     0,    0,    0,    0,    0,    0,    0,    0,    0,    0,    0,    0,
     0,    0,    0,    0,    0,    0,    0,    0,    0,    0,    0,    0,
     0,    0,    0,   19,   24,   16,   32,   30,   31,    0,    0,    0,
     0,    0,    0,   14,   25,   33,   20,   50,   59,    0,    0,    0,
     0,    0,    0,   20,   27,   28,   22,   31,   25,    0,    0,    0,
     0,    0,    0,    0,    0,    0,    0,    0,    0,    0,    0,    0,
     0,    0,    0,    0,    0,    0,    0,    0,    0,    0,    0,    0,
     0,    0,    0,    0,    0,    0,    0,    0,    0,    0,    0,    0,
     0,    0,    0,    0,    0,    0,    0,    0,    0,    0,    0,    0,
     0,    0,    0,    0,    0,    0,    0,    0,    0,    0,    0,    0
];
const BOUTPOST        = [
     0,    0,    0,    0,    0,    0,    0,    0,    0,    0,    0,    0,
     0,    0,    0,    0,    0,    0,    0,    0,    0,    0,    0,    0,
     0,    0,    0,    0,    0,    0,    0,    0,    0,    0,    0,    0,
     0,    0,    0,    0,    0,    0,    0,    0,    0,    0,    0,    0,
     0,    0,    0,    0,    0,    0,    0,    0,    0,    0,    0,    0,
     0,    0,    0,   20,   27,   28,   22,   31,   25,    0,    0,    0,
     0,    0,    0,   14,   25,   33,   20,   50,   59,    0,    0,    0,
     0,    0,    0,   19,   24,   16,   32,   30,   31,    0,    0,    0,
     0,    0,    0,    0,    0,    0,    0,    0,    0,    0,    0,    0,
     0,    0,    0,    0,    0,    0,    0,    0,    0,    0,    0,    0,
     0,    0,    0,    0,    0,    0,    0,    0,    0,    0,    0,    0,
     0,    0,    0,    0,    0,    0,    0,    0,    0,    0,    0,    0
];
const EV              = [6,-2,8,3,5,3,2,8,29,10,43,52,21,12,4,15,15,12,7,-2,3,14,82,40,-1,25,22,-1,-13,25,40,7,-4,23,89,75,134,797,45,28,0,0,0,0,0,0,57,29,25,35,5,-1,11,10,5,7,-9,3,51,29,36,41,57,50,-4,23];
const WSTORM          = [0,0,14,27,5,5,-9,1,0,9];
const WSHELTER        = [0,0,1,5,12,14,43,18,0,32];
const IMBALN_S        = [-105,27,17,3,0,3,8,19,36];
const IMBALN_E        = [-106,-51,-32,-17,0,12,35,52,54];
const IMBALB_S        = [-61,-2,9,5,11,14,10,15,24];
const IMBALB_E        = [0,-31,-24,-14,-10,-2,13,23,38];
const IMBALR_S        = [55,12,-15,-21,-23,-19,-7,5,15];
const IMBALR_E        = [-31,-25,-3,10,22,36,42,51,71];
const IMBALQ_S        = [-7,-29,-16,3,12,12,14,7,-10];
const IMBALQ_E        = [-58,-38,-12,-3,3,22,37,43,18];
const MOBN_S          = [-1,9,16,19,28,31,34,39,48];
const MOBN_E          = [-1,-4,-6,-2,-9,-6,-10,-14,-22];
const MOBB_S          = [-7,10,23,32,35,43,50,56,63,72,70,85,95,103];
const MOBB_E          = [-16,-16,-2,6,21,22,27,29,33,27,28,23,34,31];
const MOBR_S          = [-1,8,13,18,20,26,31,34,42,46,50,54,68,70,65];
const MOBR_E          = [-18,-12,3,10,19,24,27,31,30,34,35,35,38,28,33];
const MOBQ_S          = [2,2,4,2,8,13,14,12,17,21,20,20,25,28,28,33,32,35,38,41,39,41,44,46,48,50,51,54];
const MOBQ_E          = [0,8,16,20,30,40,46,56,65,75,84,92,106,109,115,123,129,137,144,153,157,164,175,181,190,200,207,216];

//}}}

'lozza\trunk\lozza.js'

//{{{  other lozzas

'lozza\trunk\clean.js'

'lozza\trunk\history\2.1\lozza.js'
'lozza\trunk\history\2.0\lozza.js'
'lozza\trunk\history\1.18\lozza.js'

'lozza\trunk\currentlytesting.js'
'lozza\trunk\clean.js'

'lozza\trunk\testing\deadends.js'

//}}}

'lozza\trunk\testing\gdtuner.js'
'lozza\trunk\testing\gdtuner.txt'
'lozza\trunk\testing\0gdtuner.txt'

'lozza\trunk\testing\nettuner.js'
'lozza\trunk\testing\nettuner4.txt'
'lozza\trunk\testing\nettuner8.txt'
'lozza\trunk\testing\nettuner12.txt'
'lozza\trunk\testing\nettuner16.txt'
'lozza\trunk\testing\nettuner32.txt'

'lozza\trunk\testing\eval.js'
'lozza\trunk\testing\eval_flip.js'

'lozza\trunk\testing\stats.js'
'lozza\trunk\testing\makedata.js'      1
'lozza\trunk\testing\quiet.js'         2
'lozza\trunk\testing\score.js'         3
'lozza\trunk\testing\setsfeval.js'
'lozza\trunk\testing\makeepd.bat'

'lozza\trunk\testing\cctry.bat'
'lozza\trunk\testing\engines.json'
'lozza\trunk\testing\cctry.pgn'

'lozza\trunk\testing\linux\getlozza'
'lozza\trunk\testing\linux\cctry'
'lozza\trunk\testing\linux\engines.json'

'lozza\trunk\testing\tuner.js'
'lozza\trunk\testing\tuner.txt'

//{{{  try ideas

do q first at horizon

check drawns in q

check kk etc when checking for draws

dont save best move on alpha tt

reduce lmr if pv node

reduce futility if pv node

move generation and ordering. do hash w/o generating moves. hash, captures, killers, slides.

eval - shelter/storm is assuming king is on rank 1/8?

drofa changes look interesting

q - check for at least 1 legal move or score > alpha before pruning

q - dont return mate scores

q - use tt

dont round tuned values

index bishop pair by number of pawns

frc option but no castling for now.

delete row 8,1 pst pawn.

eval - knight in front of passed pawn good

hash option

try hash move before move gen

should not have to sort to get hash move (etc)

see!!!

move ordering.

eval - discovered attacks.

eval - multiple attacks on same rank/file. e.g. rooks on e1 and e2. and other xray attacks in general.

eval - if each side has one bishop of the same colour bonus oppo colour.

eval - if opps has 0 b and you have 1 b bonus oppos colour.

eval - mobility - use safe squares as well as (or instead of) all squares.

eval - pinned against king (-ve) (cannot move without being in check).

quick see - check for pawn/knight defenders. use in move ordering and futility? bad capture mask - spare bit?

is pawn move mask used?

move ordering - pawn push

eval - change max attackers to 4. re wc chess commentary - tune curve first though.

eval - try different king zone shapes

check killers is working still - check if needed - check captures as killers is needed etc

//}}}
//{{{  try code
const MOBN_S          = [0,6,12,18,24,30,36,42,48];
const MOBN_E          = [0,-2,-4,-6,-8,-10,-12,-14,-16];
const MOBB_S          = [0,8,16,24,32,40,48,56,64,72,80,88,96,104];
const MOBB_E          = [0,3,6,9,12,15,18,21,24,27,30,33,36,39];
const MOBR_S          = [0,5,10,15,20,25,50,35,40,45,50,55,60,65,70];
const MOBR_E          = [0,3,6,9,12,15,18,21,24,27,30,33,36,39,42];
const MOBQ_S          = [0,2,4,6,8,10,12,14,16,18,20,22,24,26,28,30,32,34,36,38,40,42,44,46,48,50,52,54];
const MOBQ_E          = [0,8,16,24,32,40,48,56,64,72,80,88,96,104,112,120,128,136,144,152,160,168,176,184,192,200,208,216];


//{{{  .setTTSize

lozBoard.prototype.setTTSize = function (mb) {

  var q     = Math.log2(mb) | 0;
  var shift = 16 + q;

  if (shift < 16)
    shift = 16;

  if (shift > 26)
    shift = 26;

  if (shift != TTSHIFT) {

    TTSHIFT = shift;
    TTSIZE  = 1 << TTSHIFT;
    TTMASK  = TTSIZE - 1;

    this.ttLo      = new Int32Array(TTSIZE);
    this.ttHi      = new Int32Array(TTSIZE);
    this.ttType    = new Uint8Array(TTSIZE);
    this.ttDepth   = new Int8Array(TTSIZE);   // allow -ve depths but currently not used for q.
    this.ttMove    = new Uint32Array(TTSIZE); // see constants for structure.
    this.ttScore   = new Int16Array(TTSIZE);
  }
}

//}}}
//{{{  .getHistory

lozBoard.prototype.getHistory = function (move) {

  var to      = (move & MOVE_TO_MASK)    >>> MOVE_TO_BITS;
  var frObj   = (move & MOVE_FROBJ_MASK) >>> MOVE_FROBJ_BITS;
  var frPiece = frObj & PIECE_MASK;

  if ((frObj & COLOR_MASK) == WHITE) {
    return this.wHistory[frPiece][to];
  }
  else {
    return this.bHistory[frPiece][to];
  }
}

//}}}
//{{{  readline
if (lozzaHost == HOST_NODEJS) {

  const readline = require('readline');
  const rl       = readline.createInterface({
    input:  process.stdin,
    output: process.stdout
  });

  rl.on('line', (line) => {
    onmessage({data: line.trim()});
  })

}

//}}}

//}}}
//{{{  cutechess help

'C:\Program Files (x86)\Cute Chess\cutechess-cli.6.txt'
'C:\Program Files (x86)\Cute Chess\engines.json.5.txt'

//}}}
//{{{  lichess-bot

'lichess-bot\engines\clean.js'
'lichess-bot\config.yml'

//}}}

//{{{  toynet

'toynet\trunk\toynet.js'

//}}}
//{{{  lozzaui

'lozza-ui\trunk\index.htm'

'lozza-ui\trunk\perft.htm'
'lozza-ui\trunk\perft.js'

'lozza-ui\trunk\ex.htm'
'lozza-ui\trunk\ex.js'

'lozza-ui\trunk\profile.htm'
'lozza-ui\trunk\profile.js'

'lozza-ui\trunk\playhelp.htm'
'lozza-ui\trunk\play.htm'
'lozza-ui\trunk\play.js'

'lozza-ui\trunk\fenhelp.htm'
'lozza-ui\trunk\fen.htm'
'lozza-ui\trunk\fen.js'

'lozza-ui\trunk\consolehelp.htm'
'lozza-ui\trunk\console.htm'
'lozza-ui\trunk\console.js'

'lozza-ui\trunk\mate.htm'
'lozza-ui\trunk\mate.js'

'lozza-ui\trunk\tune.htm'
'lozza-ui\trunk\tune.js'

//}}}
//{{{  roller

'roller\trunk\roller.js'
'roller\trunk\index.htm'
'roller\trunk\play.js'

//}}}
//{{{  winboard
'c:\winboard\winboard\wb.bat'

//}}}

'myc\public_html\index.php'
'myc\public_html\styles.css'

