//{{{  tuned params

// data=c:/projects/chessdata/E13.04-Filtered.fens
// k=1.62
// err=0.1314018384776363
// last update Thu Jul 29 2021 03:16:17 GMT+0100 (British Summer Time)

var VALUE_VECTOR_S = [0,100,330,341,474,1114,10000];
var VALUE_VECTOR_E = [0,97,339,343,503,850,10000];
var WPAWN_PSTS     = [0,0,0,0,0,0,0,0,0,0,0,0,0,0,0,0,0,0,0,0,0,0,0,0,0,0,0,0,0,0,0,0,0,0,0,0,0,0,-31,-7,37,78,69,26,-25,-85,0,0,0,0,-40,-19,2,15,37,32,10,-33,0,0,0,0,-41,-22,-20,-14,-3,2,1,-36,0,0,0,0,-46,-26,-24,-18,-14,-13,1,-39,0,0,0,0,-42,-34,-31,-28,-20,-10,-4,-33,0,0,0,0,-40,-30,-28,-33,-23,-2,10,-44,0,0,0,0,0,0,0,0,0,0,0,0,0,0,0,0,0,0,0,0,0,0,0,0,0,0,0,0,0,0,0,0,0,0,0,0,0,0];
var WPAWN_PSTE     = [0,0,0,0,0,0,0,0,0,0,0,0,0,0,0,0,0,0,0,0,0,0,0,0,0,0,0,0,0,0,0,0,0,0,0,0,0,0,174,164,142,114,63,67,102,124,0,0,0,0,77,85,71,61,41,31,63,67,0,0,0,0,21,10,8,-4,-12,-11,-7,4,0,0,0,0,-1,-3,-18,-18,-22,-20,-19,-17,0,0,0,0,-6,-13,-16,-20,-17,-20,-29,-23,0,0,0,0,-2,-8,-14,-10,-2,-16,-22,-26,0,0,0,0,0,0,0,0,0,0,0,0,0,0,0,0,0,0,0,0,0,0,0,0,0,0,0,0,0,0,0,0,0,0,0,0,0,0];
var WKNIGHT_PSTS   = [0,0,0,0,0,0,0,0,0,0,0,0,0,0,0,0,0,0,0,0,0,0,0,0,0,0,-108,19,-28,41,108,11,155,-106,0,0,0,0,-19,12,8,26,46,34,-45,32,0,0,0,0,-37,13,28,35,73,82,47,51,0,0,0,0,12,22,23,42,27,67,32,33,0,0,0,0,6,16,17,12,25,22,40,14,0,0,0,0,-2,3,11,14,20,19,22,1,0,0,0,0,-8,-32,-5,5,5,4,-8,5,0,0,0,0,-88,7,-21,-4,0,-5,-3,-32,0,0,0,0,0,0,0,0,0,0,0,0,0,0,0,0,0,0,0,0,0,0,0,0,0,0];
var WKNIGHT_PSTE   = [0,0,0,0,0,0,0,0,0,0,0,0,0,0,0,0,0,0,0,0,0,0,0,0,0,0,-50,-38,-27,-37,-53,-22,-63,-30,0,0,0,0,-30,-10,-13,-4,3,-33,-33,-54,0,0,0,0,-31,-22,-1,-9,-16,-10,-23,-58,0,0,0,0,-33,-27,-5,3,-1,-13,-16,-33,0,0,0,0,-52,-23,-5,-2,0,-9,-16,-45,0,0,0,0,-64,-36,-19,-13,-17,-26,-43,-58,0,0,0,0,-78,-35,-41,-37,-37,-35,-51,-77,0,0,0,0,-60,-92,-54,-48,-58,-57,-76,-79,0,0,0,0,0,0,0,0,0,0,0,0,0,0,0,0,0,0,0,0,0,0,0,0,0,0];
var WBISHOP_PSTS   = [0,0,0,0,0,0,0,0,0,0,0,0,0,0,0,0,0,0,0,0,0,0,0,0,0,0,-7,36,-21,19,30,-44,12,4,0,0,0,0,-1,-9,-15,43,-3,25,-39,9,0,0,0,0,16,38,25,25,31,70,59,26,0,0,0,0,3,21,16,45,11,47,16,18,0,0,0,0,-2,10,20,14,30,19,26,29,0,0,0,0,19,23,18,20,23,33,23,43,0,0,0,0,15,23,21,13,23,18,37,21,0,0,0,0,3,39,23,7,19,19,5,22,0,0,0,0,0,0,0,0,0,0,0,0,0,0,0,0,0,0,0,0,0,0,0,0,0,0];
var WBISHOP_PSTE   = [0,0,0,0,0,0,0,0,0,0,0,0,0,0,0,0,0,0,0,0,0,0,0,0,0,0,-34,-43,-22,-21,-18,-28,-32,-44,0,0,0,0,-36,-23,-11,-28,-26,-31,-28,-23,0,0,0,0,-37,-34,-33,-28,-25,-34,-35,-38,0,0,0,0,-35,-37,-37,-41,-29,-43,-28,-44,0,0,0,0,-45,-42,-35,-26,-39,-43,-48,-46,0,0,0,0,-50,-39,-40,-39,-40,-50,-47,-59,0,0,0,0,-52,-56,-50,-43,-41,-46,-56,-75,0,0,0,0,-41,-54,-58,-41,-40,-45,-37,-63,0,0,0,0,0,0,0,0,0,0,0,0,0,0,0,0,0,0,0,0,0,0,0,0,0,0];
var WROOK_PSTS     = [0,0,0,0,0,0,0,0,0,0,0,0,0,0,0,0,0,0,0,0,0,0,0,0,0,0,5,21,-35,24,-5,-63,-11,-10,0,0,0,0,-2,-16,13,22,33,25,-17,21,0,0,0,0,-23,-1,-4,-4,-17,20,52,-8,0,0,0,0,-22,-16,-12,-11,-24,-2,-6,-23,0,0,0,0,-39,-37,-33,-32,-25,-20,29,-28,0,0,0,0,-38,-40,-31,-33,-25,-5,14,-17,0,0,0,0,-52,-32,-24,-22,-13,8,9,-33,0,0,0,0,-27,-23,-19,-13,-16,-2,-9,-15,0,0,0,0,0,0,0,0,0,0,0,0,0,0,0,0,0,0,0,0,0,0,0,0,0,0];
var WROOK_PSTE     = [0,0,0,0,0,0,0,0,0,0,0,0,0,0,0,0,0,0,0,0,0,0,0,0,0,0,25,26,47,28,31,53,37,30,0,0,0,0,28,36,26,29,18,14,32,19,0,0,0,0,26,23,29,31,28,13,3,21,0,0,0,0,20,23,25,28,28,25,22,22,0,0,0,0,15,26,22,21,17,21,3,8,0,0,0,0,3,15,13,18,8,1,-8,-6,0,0,0,0,5,3,11,7,1,-12,-17,8,0,0,0,0,-1,0,2,0,3,-12,16,-17,0,0,0,0,0,0,0,0,0,0,0,0,0,0,0,0,0,0,0,0,0,0,0,0,0,0];
var WQUEEN_PSTS    = [0,0,0,0,0,0,0,0,0,0,0,0,0,0,0,0,0,0,0,0,0,0,0,0,0,0,-8,-42,-42,-42,44,23,37,28,0,0,0,0,-20,-60,-56,-43,-94,5,-34,11,0,0,0,0,-2,-20,-41,-52,-28,-2,21,-1,0,0,0,0,-24,-31,-40,-51,-54,-30,-29,-19,0,0,0,0,-1,-32,-31,-37,-34,-20,-7,-5,0,0,0,0,11,5,-10,-12,-12,-1,16,28,0,0,0,0,-5,8,12,9,12,19,20,36,0,0,0,0,23,35,27,31,33,12,12,-11,0,0,0,0,0,0,0,0,0,0,0,0,0,0,0,0,0,0,0,0,0,0,0,0,0,0];
var WQUEEN_PSTE    = [0,0,0,0,0,0,0,0,0,0,0,0,0,0,0,0,0,0,0,0,0,0,0,0,0,0,10,60,38,29,-35,-13,-4,25,0,0,0,0,21,47,53,26,71,-24,36,20,0,0,0,0,-12,15,11,42,32,12,-4,-6,0,0,0,0,37,23,20,18,32,21,51,42,0,0,0,0,-4,30,-3,7,2,6,19,23,0,0,0,0,-15,-39,-15,-29,-13,5,-7,-5,0,0,0,0,9,-33,-32,-37,-34,-46,-44,-55,0,0,0,0,-29,-48,-48,-46,-31,-31,-37,61,0,0,0,0,0,0,0,0,0,0,0,0,0,0,0,0,0,0,0,0,0,0,0,0,0,0];
var WKING_PSTS     = [0,0,0,0,0,0,0,0,0,0,0,0,0,0,0,0,0,0,0,0,0,0,0,0,0,0,59,240,295,183,88,-29,145,256,0,0,0,0,272,142,141,207,171,101,92,25,0,0,0,0,168,137,180,162,184,150,166,36,0,0,0,0,31,75,107,46,56,45,63,12,0,0,0,0,20,103,29,-21,-38,3,26,-45,0,0,0,0,20,47,23,-5,8,5,43,3,0,0,0,0,46,50,26,-5,7,7,55,34,0,0,0,0,-11,54,48,-31,25,-12,45,24,0,0,0,0,0,0,0,0,0,0,0,0,0,0,0,0,0,0,0,0,0,0,0,0,0,0];
var WKING_PSTE     = [0,0,0,0,0,0,0,0,0,0,0,0,0,0,0,0,0,0,0,0,0,0,0,0,0,0,-112,-83,-84,-54,-20,-22,-50,-138,0,0,0,0,-61,-5,-7,-18,-2,1,17,-3,0,0,0,0,-35,-11,-6,-1,-3,-3,-12,-14,0,0,0,0,-25,2,6,18,10,10,-6,-11,0,0,0,0,-21,-21,5,9,14,1,-4,-19,0,0,0,0,-42,-16,-3,4,-3,-3,-19,-33,0,0,0,0,-48,-24,-13,-6,-8,-13,-29,-50,0,0,0,0,-70,-53,-51,-32,-60,-39,-57,-89,0,0,0,0,0,0,0,0,0,0,0,0,0,0,0,0,0,0,0,0,0,0,0,0,0,0];
var BPAWN_PSTS     = [0,0,0,0,0,0,0,0,0,0,0,0,0,0,0,0,0,0,0,0,0,0,0,0,0,0,0,0,0,0,0,0,0,0,0,0,0,0,-40,-30,-28,-33,-23,-2,10,-44,0,0,0,0,-42,-34,-31,-28,-20,-10,-4,-33,0,0,0,0,-46,-26,-24,-18,-14,-13,1,-39,0,0,0,0,-41,-22,-20,-14,-3,2,1,-36,0,0,0,0,-40,-19,2,15,37,32,10,-33,0,0,0,0,-31,-7,37,78,69,26,-25,-85,0,0,0,0,0,0,0,0,0,0,0,0,0,0,0,0,0,0,0,0,0,0,0,0,0,0,0,0,0,0,0,0,0,0,0,0,0,0];
var BPAWN_PSTE     = [0,0,0,0,0,0,0,0,0,0,0,0,0,0,0,0,0,0,0,0,0,0,0,0,0,0,0,0,0,0,0,0,0,0,0,0,0,0,-2,-8,-14,-10,-2,-16,-22,-26,0,0,0,0,-6,-13,-16,-20,-17,-20,-29,-23,0,0,0,0,-1,-3,-18,-18,-22,-20,-19,-17,0,0,0,0,21,10,8,-4,-12,-11,-7,4,0,0,0,0,77,85,71,61,41,31,63,67,0,0,0,0,174,164,142,114,63,67,102,124,0,0,0,0,0,0,0,0,0,0,0,0,0,0,0,0,0,0,0,0,0,0,0,0,0,0,0,0,0,0,0,0,0,0,0,0,0,0];
var BKNIGHT_PSTS   = [0,0,0,0,0,0,0,0,0,0,0,0,0,0,0,0,0,0,0,0,0,0,0,0,0,0,-88,7,-21,-4,0,-5,-3,-32,0,0,0,0,-8,-32,-5,5,5,4,-8,5,0,0,0,0,-2,3,11,14,20,19,22,1,0,0,0,0,6,16,17,12,25,22,40,14,0,0,0,0,12,22,23,42,27,67,32,33,0,0,0,0,-37,13,28,35,73,82,47,51,0,0,0,0,-19,12,8,26,46,34,-45,32,0,0,0,0,-108,19,-28,41,108,11,155,-106,0,0,0,0,0,0,0,0,0,0,0,0,0,0,0,0,0,0,0,0,0,0,0,0,0,0];
var BKNIGHT_PSTE   = [0,0,0,0,0,0,0,0,0,0,0,0,0,0,0,0,0,0,0,0,0,0,0,0,0,0,-60,-92,-54,-48,-58,-57,-76,-79,0,0,0,0,-78,-35,-41,-37,-37,-35,-51,-77,0,0,0,0,-64,-36,-19,-13,-17,-26,-43,-58,0,0,0,0,-52,-23,-5,-2,0,-9,-16,-45,0,0,0,0,-33,-27,-5,3,-1,-13,-16,-33,0,0,0,0,-31,-22,-1,-9,-16,-10,-23,-58,0,0,0,0,-30,-10,-13,-4,3,-33,-33,-54,0,0,0,0,-50,-38,-27,-37,-53,-22,-63,-30,0,0,0,0,0,0,0,0,0,0,0,0,0,0,0,0,0,0,0,0,0,0,0,0,0,0];
var BBISHOP_PSTS   = [0,0,0,0,0,0,0,0,0,0,0,0,0,0,0,0,0,0,0,0,0,0,0,0,0,0,3,39,23,7,19,19,5,22,0,0,0,0,15,23,21,13,23,18,37,21,0,0,0,0,19,23,18,20,23,33,23,43,0,0,0,0,-2,10,20,14,30,19,26,29,0,0,0,0,3,21,16,45,11,47,16,18,0,0,0,0,16,38,25,25,31,70,59,26,0,0,0,0,-1,-9,-15,43,-3,25,-39,9,0,0,0,0,-7,36,-21,19,30,-44,12,4,0,0,0,0,0,0,0,0,0,0,0,0,0,0,0,0,0,0,0,0,0,0,0,0,0,0];
var BBISHOP_PSTE   = [0,0,0,0,0,0,0,0,0,0,0,0,0,0,0,0,0,0,0,0,0,0,0,0,0,0,-41,-54,-58,-41,-40,-45,-37,-63,0,0,0,0,-52,-56,-50,-43,-41,-46,-56,-75,0,0,0,0,-50,-39,-40,-39,-40,-50,-47,-59,0,0,0,0,-45,-42,-35,-26,-39,-43,-48,-46,0,0,0,0,-35,-37,-37,-41,-29,-43,-28,-44,0,0,0,0,-37,-34,-33,-28,-25,-34,-35,-38,0,0,0,0,-36,-23,-11,-28,-26,-31,-28,-23,0,0,0,0,-34,-43,-22,-21,-18,-28,-32,-44,0,0,0,0,0,0,0,0,0,0,0,0,0,0,0,0,0,0,0,0,0,0,0,0,0,0];
var BROOK_PSTS     = [0,0,0,0,0,0,0,0,0,0,0,0,0,0,0,0,0,0,0,0,0,0,0,0,0,0,-27,-23,-19,-13,-16,-2,-9,-15,0,0,0,0,-52,-32,-24,-22,-13,8,9,-33,0,0,0,0,-38,-40,-31,-33,-25,-5,14,-17,0,0,0,0,-39,-37,-33,-32,-25,-20,29,-28,0,0,0,0,-22,-16,-12,-11,-24,-2,-6,-23,0,0,0,0,-23,-1,-4,-4,-17,20,52,-8,0,0,0,0,-2,-16,13,22,33,25,-17,21,0,0,0,0,5,21,-35,24,-5,-63,-11,-10,0,0,0,0,0,0,0,0,0,0,0,0,0,0,0,0,0,0,0,0,0,0,0,0,0,0];
var BROOK_PSTE     = [0,0,0,0,0,0,0,0,0,0,0,0,0,0,0,0,0,0,0,0,0,0,0,0,0,0,-1,0,2,0,3,-12,16,-17,0,0,0,0,5,3,11,7,1,-12,-17,8,0,0,0,0,3,15,13,18,8,1,-8,-6,0,0,0,0,15,26,22,21,17,21,3,8,0,0,0,0,20,23,25,28,28,25,22,22,0,0,0,0,26,23,29,31,28,13,3,21,0,0,0,0,28,36,26,29,18,14,32,19,0,0,0,0,25,26,47,28,31,53,37,30,0,0,0,0,0,0,0,0,0,0,0,0,0,0,0,0,0,0,0,0,0,0,0,0,0,0];
var BQUEEN_PSTS    = [0,0,0,0,0,0,0,0,0,0,0,0,0,0,0,0,0,0,0,0,0,0,0,0,0,0,23,35,27,31,33,12,12,-11,0,0,0,0,-5,8,12,9,12,19,20,36,0,0,0,0,11,5,-10,-12,-12,-1,16,28,0,0,0,0,-1,-32,-31,-37,-34,-20,-7,-5,0,0,0,0,-24,-31,-40,-51,-54,-30,-29,-19,0,0,0,0,-2,-20,-41,-52,-28,-2,21,-1,0,0,0,0,-20,-60,-56,-43,-94,5,-34,11,0,0,0,0,-8,-42,-42,-42,44,23,37,28,0,0,0,0,0,0,0,0,0,0,0,0,0,0,0,0,0,0,0,0,0,0,0,0,0,0];
var BQUEEN_PSTE    = [0,0,0,0,0,0,0,0,0,0,0,0,0,0,0,0,0,0,0,0,0,0,0,0,0,0,-29,-48,-48,-46,-31,-31,-37,61,0,0,0,0,9,-33,-32,-37,-34,-46,-44,-55,0,0,0,0,-15,-39,-15,-29,-13,5,-7,-5,0,0,0,0,-4,30,-3,7,2,6,19,23,0,0,0,0,37,23,20,18,32,21,51,42,0,0,0,0,-12,15,11,42,32,12,-4,-6,0,0,0,0,21,47,53,26,71,-24,36,20,0,0,0,0,10,60,38,29,-35,-13,-4,25,0,0,0,0,0,0,0,0,0,0,0,0,0,0,0,0,0,0,0,0,0,0,0,0,0,0];
var BKING_PSTS     = [0,0,0,0,0,0,0,0,0,0,0,0,0,0,0,0,0,0,0,0,0,0,0,0,0,0,-11,54,48,-31,25,-12,45,24,0,0,0,0,46,50,26,-5,7,7,55,34,0,0,0,0,20,47,23,-5,8,5,43,3,0,0,0,0,20,103,29,-21,-38,3,26,-45,0,0,0,0,31,75,107,46,56,45,63,12,0,0,0,0,168,137,180,162,184,150,166,36,0,0,0,0,272,142,141,207,171,101,92,25,0,0,0,0,59,240,295,183,88,-29,145,192,0,0,0,0,0,0,0,0,0,0,0,0,0,0,0,0,0,0,0,0,0,0,0,0,0,0];
var BKING_PSTE     = [0,0,0,0,0,0,0,0,0,0,0,0,0,0,0,0,0,0,0,0,0,0,0,0,0,0,-70,-53,-51,-32,-60,-39,-57,-89,0,0,0,0,-48,-24,-13,-6,-8,-13,-29,-50,0,0,0,0,-42,-16,-3,4,-3,-3,-19,-33,0,0,0,0,-21,-21,5,9,14,1,-4,-19,0,0,0,0,-25,2,6,18,10,10,-6,-11,0,0,0,0,-35,-11,-6,-1,-3,-3,-12,-14,0,0,0,0,-61,-5,-7,-18,-2,1,17,-3,0,0,0,0,-112,-83,-84,-54,-20,-22,-50,-138,0,0,0,0,0,0,0,0,0,0,0,0,0,0,0,0,0,0,0,0,0,0,0,0,0,0];
var mobil_S        = [0,5,2,4,4,2,-4];
var mobil_E        = [0,12,-2,3,2,2,-6];
var imbalN_S       = [26,18,15,9,12,12,12,4,5];
var imbalN_E       = [-76,-60,-32,-20,-17,-6,6,26,44];
var imbalB_S       = [-23,3,16,18,23,19,7,-1,2];
var imbalB_E       = [-42,-15,-25,-20,-20,-18,-5,0,-12];
var reachWP_S      = [0,5,0,0,0,-4,-45,0,0,0,31,25,70,32,225];
var reachWP_E      = [0,13,6,22,10,11,5,0,0,0,5,36,-16,-15,169];
var reachWN_S      = [0,-1,3,2,4,4,1,0,0,-6,0,13,51,19,156];
var reachWN_E      = [0,-4,-6,-11,0,2,1,0,0,-1,0,5,-39,-57,17];
var reachWB_S      = [0,3,8,422,2,7,4,0,0,-1,11,0,21,30,18];
var reachWB_E      = [0,-9,-2,380,4,13,-1,0,0,3,30,0,-12,21,-1];
var reachWR_S      = [0,-2,8,7,6,9,8,0,0,-5,7,12,0,54,127];
var reachWR_E      = [0,-5,0,0,7,12,0,0,0,9,10,12,0,-91,-87];
var reachWQ_S      = [0,-1,6,5,-2,37,1,0,0,-2,2,1,3,0,-18];
var reachWQ_E      = [0,1,4,-14,18,-140,-9,0,0,0,-9,16,11,0,26];
var reachWK_S      = [0,6,1,3,-20,5,0,0,0,0,-37,-58,-80,-231,0];
var reachWK_E      = [0,-3,0,-2,5,-12,0,0,0,20,10,25,14,151,0];
var reachBP_S      = [0,0,31,25,70,32,225,0,0,5,0,0,0,-4,-45];
var reachBP_E      = [0,0,5,36,-16,-15,169,0,0,13,6,22,10,11,5];
var reachBN_S      = [0,-6,0,13,51,19,156,0,0,-1,3,2,4,4,1];
var reachBN_E      = [0,-1,0,5,-39,-57,17,0,0,-4,-6,-11,0,2,1];
var reachBB_S      = [0,-1,11,0,21,30,18,0,0,3,8,422,2,7,4];
var reachBB_E      = [0,3,30,0,-12,21,-1,0,0,-9,-2,380,4,13,-1];
var reachBR_S      = [0,-5,7,12,0,54,127,0,0,-2,8,7,6,9,8];
var reachBR_E      = [0,9,10,12,0,-91,-87,0,0,-5,0,0,7,12,0];
var reachBQ_S      = [0,-2,2,1,3,0,-18,0,0,-1,6,5,-2,37,1];
var reachBQ_E      = [0,0,-9,16,11,0,26,0,0,1,4,-14,18,-140,-9];
var reachBK_S      = [0,0,-37,-58,-80,-231,0,0,0,6,1,3,-20,5,0];
var reachBK_E      = [0,20,10,25,14,151,0,0,0,-3,0,-2,5,-12,0];
var cwtch_S        = [0,-2,2,0,5,18,0];
var cwtch_E        = [0,-1,3,0,-4,4,0];
var xray_S         = [0,0,0,4,7,-2];
var xray_E         = [0,0,0,2,-5,1];

//}}}

