var VALUE_VECTOR = [0,100,348,353,540,1055,10000];

var WPAWN_PSTS = [
  0, 0, 0, 0, 0, 0, 0, 0, 0, 0, 0, 0, 
  0, 0, 0, 0, 0, 0, 0, 0, 0, 0, 0, 0, 
  0, 0, -15, -5, 0, 5, 5, 0, -5, -15, 0, 0, 
  0, 0, 33, 94, 55, 81, 84, 95, 28, -28, 0, 0, 
  0, 0, -8, 1, 15, 8, 47, 63, 30, -15, 0, 0, 
  0, 0, -20, 4, -11, 10, 7, 3, 4, -35, 0, 0, 
  0, 0, -32, -27, -5, 4, 1, 4, -22, -38, 0, 0, 
  0, 0, -26, -24, -9, -10, -5, 5, 9, -19, 0, 0, 
  0, 0, -36, -18, -34, -24, -40, 9, 10, -32, 0, 0, 
  0, 0, -15, -5, 0, 5, 5, 0, -5, -15, 0, 0, 
  0, 0, 0, 0, 0, 0, 0, 0, 0, 0, 0, 0, 
  0, 0, 0, 0, 0, 0, 0, 0, 0, 0, 0, 0
];

var WKNIGHT_PSTS = [
  0, 0, 0, 0, 0, 0, 0, 0, 0, 0, 0, 0, 
  0, 0, 0, 0, 0, 0, 0, 0, 0, 0, 0, 0, 
  0, 0, -159, -82, -44, -42, 27, -108, -37, -87, 0, 0, 
  0, 0, -71, -41, 60, 26, 10, 52, 0, -22, 0, 0, 
  0, 0, -41, 46, 28, 55, 86, 98, 56, 48, 0, 0, 
  0, 0, 1, 24, 8, 34, 29, 69, 26, 34, 0, 0, 
  0, 0, 0, 18, 17, 12, 29, 24, 27, 5, 0, 0, 
  0, 0, -16, 2, 16, 33, 47, 24, 35, -7, 0, 0, 
  0, 0, -11, -30, 3, 13, 19, 28, 17, 7, 0, 0, 
  0, 0, -101, -5, -28, -12, 20, 4, -3, -5, 0, 0, 
  0, 0, 0, 0, 0, 0, 0, 0, 0, 0, 0, 0, 
  0, 0, 0, 0, 0, 0, 0, 0, 0, 0, 0, 0
];

var WBISHOP_PSTS = [
  0, 0, 0, 0, 0, 0, 0, 0, 0, 0, 0, 0, 
  0, 0, 0, 0, 0, 0, 0, 0, 0, 0, 0, 0, 
  0, 0, -47, -12, -113, -65, -46, -66, -8, -17, 0, 0, 
  0, 0, -30, 11, -28, -36, 17, 15, 64, -69, 0, 0, 
  0, 0, -26, 32, 32, 17, 16, 49, 33, -3, 0, 0, 
  0, 0, 1, 7, 10, 44, 25, 20, 6, 1, 0, 0, 
  0, 0, 6, 13, 11, 30, 30, 2, 11, 18, 0, 0, 
  0, 0, 8, 27, 24, 19, 27, 40, 29, 21, 0, 0, 
  0, 0, 17, 28, 21, 9, 16, 30, 54, 10, 0, 0, 
  0, 0, -13, 21, 13, 11, 18, 12, -15, 0, 0, 0, 
  0, 0, 0, 0, 0, 0, 0, 0, 0, 0, 0, 0, 
  0, 0, 0, 0, 0, 0, 0, 0, 0, 0, 0, 0
];

var WROOK_PSTS = [
  0, 0, 0, 0, 0, 0, 0, 0, 0, 0, 0, 0, 
  0, 0, 0, 0, 0, 0, 0, 0, 0, 0, 0, 0, 
  0, 0, 17, 27, 12, 28, 30, 7, 7, 21, 0, 0, 
  0, 0, -5, 5, 25, 33, 39, 36, -13, 8, 0, 0, 
  0, 0, -6, 1, 6, 10, -3, 16, 40, -1, 0, 0, 
  0, 0, -30, -22, 3, 13, 5, 20, -20, -31, 0, 0, 
  0, 0, -36, -27, -12, -5, 4, -10, 3, -30, 0, 0, 
  0, 0, -40, -16, -5, -8, 9, 0, -3, -28, 0, 0, 
  0, 0, -33, -11, -9, 3, 9, 10, -5, -59, 0, 0, 
  0, 0, -7, -5, 6, 15, 15, 12, -29, -8, 0, 0, 
  0, 0, 0, 0, 0, 0, 0, 0, 0, 0, 0, 0, 
  0, 0, 0, 0, 0, 0, 0, 0, 0, 0, 0, 0
];

var WQUEEN_PSTS = [
  0, 0, 0, 0, 0, 0, 0, 0, 0, 0, 0, 0, 
  0, 0, 0, 0, 0, 0, 0, 0, 0, 0, 0, 0, 
  0, 0, -25, -2, 12, 5, 60, 47, 50, 49, 0, 0, 
  0, 0, -16, -40, -2, 11, -24, 34, 34, 47, 0, 0, 
  0, 0, -8, -13, 7, -21, 22, 56, 42, 50, 0, 0, 
  0, 0, -32, -29, -27, -26, -6, -3, -1, -7, 0, 0, 
  0, 0, -5, -36, -9, -15, -4, -5, -5, -2, 0, 0, 
  0, 0, -19, 10, -3, 4, 8, 3, 13, 7, 0, 0, 
  0, 0, -20, 5, 18, 14, 22, 27, 11, 25, 0, 0, 
  0, 0, 11, 1, 8, 20, 1, 0, -12, -33, 0, 0, 
  0, 0, 0, 0, 0, 0, 0, 0, 0, 0, 0, 0, 
  0, 0, 0, 0, 0, 0, 0, 0, 0, 0, 0, 0
];

var WKING_PSTS = [
  0, 0, 0, 0, 0, 0, 0, 0, 0, 0, 0, 0, 
  0, 0, 0, 0, 0, 0, 0, 0, 0, 0, 0, 0, 
  0, 0, -83, 37, 18, -17, -87, -67, 12, -20, 0, 0, 
  0, 0, 36, 22, -11, -7, -32, 3, -6, -50, 0, 0, 
  0, 0, 32, 25, 22, -50, -14, 30, 58, -8, 0, 0, 
  0, 0, -10, 5, -10, -46, -44, -33, -6, -53, 0, 0, 
  0, 0, -27, 28, -25, -58, -56, -35, -23, -54, 0, 0, 
  0, 0, 16, 27, 2, -22, -24, -9, 24, -6, 0, 0, 
  0, 0, 29, 61, 24, -29, -8, 18, 52, 42, 0, 0, 
  0, 0, -1, 60, 42, -29, 40, -9, 53, 29, 0, 0, 
  0, 0, 0, 0, 0, 0, 0, 0, 0, 0, 0, 0, 
  0, 0, 0, 0, 0, 0, 0, 0, 0, 0, 0, 0
];

var WPAWN_PSTE = [
  0, 0, 0, 0, 0, 0, 0, 0, 0, 0, 0, 0, 
  0, 0, 0, 0, 0, 0, 0, 0, 0, 0, 0, 0, 
  0, 0, 0, 0, 0, 0, 0, 0, 0, 0, 0, 0, 
  0, 0, 6, 7, 16, 10, 30, -4, 31, 40, 0, 0, 
  0, 0, 13, 10, 4, -10, -19, -11, 9, 13, 0, 0, 
  0, 0, 6, -6, -11, -25, -20, -14, -4, 3, 0, 0, 
  0, 0, 3, -3, -16, -20, -16, -17, -10, -5, 0, 0, 
  0, 0, -9, -10, -16, -12, -8, -12, -20, -15, 0, 0, 
  0, 0, -3, -11, 3, -5, 14, -5, -16, -16, 0, 0, 
  0, 0, 0, 0, 0, 0, 0, 0, 0, 0, 0, 0, 
  0, 0, 0, 0, 0, 0, 0, 0, 0, 0, 0, 0, 
  0, 0, 0, 0, 0, 0, 0, 0, 0, 0, 0, 0
];

var WKNIGHT_PSTE = [
  0, 0, 0, 0, 0, 0, 0, 0, 0, 0, 0, 0, 
  0, 0, 0, 0, 0, 0, 0, 0, 0, 0, 0, 0, 
  0, 0, -62, -55, -24, -41, -44, -45, -75, -113, 0, 0, 
  0, 0, -42, -23, -37, -10, -21, -41, -42, -71, 0, 0, 
  0, 0, -40, -37, -5, -9, -31, -26, -40, -63, 0, 0, 
  0, 0, -32, -15, 9, 3, 11, -13, -16, -38, 0, 0, 
  0, 0, -30, -28, 2, 10, 3, 3, -9, -35, 0, 0, 
  0, 0, -37, -15, -12, -4, -8, -14, -34, -35, 0, 0, 
  0, 0, -56, -34, -23, -18, -19, -33, -40, -64, 0, 0, 
  0, 0, -39, -61, -40, -29, -44, -40, -62, -94, 0, 0, 
  0, 0, 0, 0, 0, 0, 0, 0, 0, 0, 0, 0, 
  0, 0, 0, 0, 0, 0, 0, 0, 0, 0, 0, 0
];

var WBISHOP_PSTE = [
  0, 0, 0, 0, 0, 0, 0, 0, 0, 0, 0, 0, 
  0, 0, 0, 0, 0, 0, 0, 0, 0, 0, 0, 0, 
  0, 0, -33, -40, -23, -26, -19, -23, -42, -44, 0, 0, 
  0, 0, -23, -30, -18, -26, -27, -24, -40, -27, 0, 0, 
  0, 0, -14, -30, -27, -29, -27, -31, -26, -16, 0, 0, 
  0, 0, -29, -17, -17, -21, -16, -23, -25, -24, 0, 0, 
  0, 0, -32, -26, -15, -14, -26, -18, -33, -36, 0, 0, 
  0, 0, -33, -28, -20, -24, -19, -30, -30, -35, 0, 0, 
  0, 0, -39, -38, -34, -25, -23, -34, -41, -52, 0, 0, 
  0, 0, -43, -33, -38, -29, -33, -32, -30, -38, 0, 0, 
  0, 0, 0, 0, 0, 0, 0, 0, 0, 0, 0, 0, 
  0, 0, 0, 0, 0, 0, 0, 0, 0, 0, 0, 0
];

var WROOK_PSTE = [
  0, 0, 0, 0, 0, 0, 0, 0, 0, 0, 0, 0, 
  0, 0, 0, 0, 0, 0, 0, 0, 0, 0, 0, 0, 
  0, 0, 35, 28, 34, 30, 33, 30, 30, 28, 0, 0, 
  0, 0, 26, 21, 18, 13, 2, 16, 29, 24, 0, 0, 
  0, 0, 34, 34, 29, 30, 25, 21, 19, 21, 0, 0, 
  0, 0, 37, 31, 35, 21, 22, 24, 24, 36, 0, 0, 
  0, 0, 33, 33, 31, 24, 14, 18, 12, 20, 0, 0, 
  0, 0, 26, 22, 12, 15, 6, 9, 10, 11, 0, 0, 
  0, 0, 20, 14, 15, 15, 6, 6, 4, 23, 0, 0, 
  0, 0, 14, 19, 16, 11, 8, 11, 17, -7, 0, 0, 
  0, 0, 0, 0, 0, 0, 0, 0, 0, 0, 0, 0, 
  0, 0, 0, 0, 0, 0, 0, 0, 0, 0, 0, 0
];

var WQUEEN_PSTE = [
  0, 0, 0, 0, 0, 0, 0, 0, 0, 0, 0, 0, 
  0, 0, 0, 0, 0, 0, 0, 0, 0, 0, 0, 0, 
  0, 0, -9, 27, 32, 34, 33, 29, 10, 28, 0, 0, 
  0, 0, -17, 13, 21, 31, 59, 30, 20, 16, 0, 0, 
  0, 0, -10, 14, 11, 69, 63, 40, 39, 22, 0, 0, 
  0, 0, 26, 33, 33, 59, 63, 50, 69, 52, 0, 0, 
  0, 0, -10, 42, 25, 57, 35, 39, 43, 30, 0, 0, 
  0, 0, 11, -29, 18, 5, 4, 23, 22, 22, 0, 0, 
  0, 0, -17, -25, -24, -13, -12, -23, -40, -32, 0, 0, 
  0, 0, -37, -35, -24, -34, 5, -32, -21, -47, 0, 0, 
  0, 0, 0, 0, 0, 0, 0, 0, 0, 0, 0, 0, 
  0, 0, 0, 0, 0, 0, 0, 0, 0, 0, 0, 0
];

var WKING_PSTE = [
  0, 0, 0, 0, 0, 0, 0, 0, 0, 0, 0, 0, 
  0, 0, 0, 0, 0, 0, 0, 0, 0, 0, 0, 0, 
  0, 0, -135, -64, -35, -51, -26, -1, -31, -44, 0, 0, 
  0, 0, -32, -15, -3, 0, 8, 21, 0, -4, 0, 0, 
  0, 0, -15, 1, -2, 7, 6, 35, 28, -2, 0, 0, 
  0, 0, -19, 3, 9, 13, 14, 23, 16, -6, 0, 0, 
  0, 0, -34, -23, 6, 12, 15, 10, -5, -19, 0, 0, 
  0, 0, -37, -23, -7, 1, 4, -1, -14, -26, 0, 0, 
  0, 0, -49, -40, -18, -10, -7, -17, -30, -44, 0, 0, 
  0, 0, -81, -63, -46, -31, -57, -31, -54, -75, 0, 0, 
  0, 0, 0, 0, 0, 0, 0, 0, 0, 0, 0, 0, 
  0, 0, 0, 0, 0, 0, 0, 0, 0, 0, 0, 0
];

var BPAWN_PSTS = [
  0, 0, 0, 0, 0, 0, 0, 0, 0, 0, 0, 0, 
  0, 0, 0, 0, 0, 0, 0, 0, 0, 0, 0, 0, 
  0, 0, -15, -5, 0, 5, 5, 0, -5, -15, 0, 0, 
  0, 0, -36, -18, -34, -24, -40, 9, 10, -32, 0, 0, 
  0, 0, -26, -24, -9, -10, -5, 5, 9, -19, 0, 0, 
  0, 0, -32, -27, -5, 4, 1, 4, -22, -38, 0, 0, 
  0, 0, -20, 4, -11, 10, 7, 3, 4, -35, 0, 0, 
  0, 0, -8, 1, 15, 8, 47, 63, 30, -15, 0, 0, 
  0, 0, 33, 94, 55, 81, 84, 95, 28, -28, 0, 0, 
  0, 0, -15, -5, 0, 5, 5, 0, -5, -15, 0, 0, 
  0, 0, 0, 0, 0, 0, 0, 0, 0, 0, 0, 0, 
  0, 0, 0, 0, 0, 0, 0, 0, 0, 0, 0, 0
];

var BKNIGHT_PSTS = [
  0, 0, 0, 0, 0, 0, 0, 0, 0, 0, 0, 0, 
  0, 0, 0, 0, 0, 0, 0, 0, 0, 0, 0, 0, 
  0, 0, -101, -5, -28, -12, 20, 4, -3, -5, 0, 0, 
  0, 0, -11, -30, 3, 13, 19, 28, 17, 7, 0, 0, 
  0, 0, -16, 2, 16, 33, 47, 24, 35, -7, 0, 0, 
  0, 0, 0, 18, 17, 12, 29, 24, 27, 5, 0, 0, 
  0, 0, 1, 24, 8, 34, 29, 69, 26, 34, 0, 0, 
  0, 0, -41, 46, 28, 55, 86, 98, 56, 48, 0, 0, 
  0, 0, -71, -41, 60, 26, 10, 52, 0, -22, 0, 0, 
  0, 0, -159, -82, -44, -42, 27, -108, -37, -87, 0, 0, 
  0, 0, 0, 0, 0, 0, 0, 0, 0, 0, 0, 0, 
  0, 0, 0, 0, 0, 0, 0, 0, 0, 0, 0, 0
];

var BBISHOP_PSTS = [
  0, 0, 0, 0, 0, 0, 0, 0, 0, 0, 0, 0, 
  0, 0, 0, 0, 0, 0, 0, 0, 0, 0, 0, 0, 
  0, 0, -13, 21, 13, 11, 18, 12, -15, 0, 0, 0, 
  0, 0, 17, 28, 21, 9, 16, 30, 54, 10, 0, 0, 
  0, 0, 8, 27, 24, 19, 27, 40, 29, 21, 0, 0, 
  0, 0, 6, 13, 11, 30, 30, 2, 11, 18, 0, 0, 
  0, 0, 1, 7, 10, 44, 25, 20, 6, 1, 0, 0, 
  0, 0, -26, 32, 32, 17, 16, 49, 33, -3, 0, 0, 
  0, 0, -30, 11, -28, -36, 17, 15, 64, -69, 0, 0, 
  0, 0, -47, -12, -113, -65, -46, -66, -8, -17, 0, 0, 
  0, 0, 0, 0, 0, 0, 0, 0, 0, 0, 0, 0, 
  0, 0, 0, 0, 0, 0, 0, 0, 0, 0, 0, 0
];

var BROOK_PSTS = [
  0, 0, 0, 0, 0, 0, 0, 0, 0, 0, 0, 0, 
  0, 0, 0, 0, 0, 0, 0, 0, 0, 0, 0, 0, 
  0, 0, -7, -5, 6, 15, 15, 12, -29, -8, 0, 0, 
  0, 0, -33, -11, -9, 3, 9, 10, -5, -59, 0, 0, 
  0, 0, -40, -16, -5, -8, 9, 0, -3, -28, 0, 0, 
  0, 0, -36, -27, -12, -5, 4, -10, 3, -30, 0, 0, 
  0, 0, -30, -22, 3, 13, 5, 20, -20, -31, 0, 0, 
  0, 0, -6, 1, 6, 10, -3, 16, 40, -1, 0, 0, 
  0, 0, -5, 5, 25, 33, 39, 36, -13, 8, 0, 0, 
  0, 0, 17, 27, 12, 28, 30, 7, 7, 21, 0, 0, 
  0, 0, 0, 0, 0, 0, 0, 0, 0, 0, 0, 0, 
  0, 0, 0, 0, 0, 0, 0, 0, 0, 0, 0, 0
];

var BQUEEN_PSTS = [
  0, 0, 0, 0, 0, 0, 0, 0, 0, 0, 0, 0, 
  0, 0, 0, 0, 0, 0, 0, 0, 0, 0, 0, 0, 
  0, 0, 11, 1, 8, 20, 1, 0, -12, -33, 0, 0, 
  0, 0, -20, 5, 18, 14, 22, 27, 11, 25, 0, 0, 
  0, 0, -19, 10, -3, 4, 8, 3, 13, 7, 0, 0, 
  0, 0, -5, -36, -9, -15, -4, -5, -5, -2, 0, 0, 
  0, 0, -32, -29, -27, -26, -6, -3, -1, -7, 0, 0, 
  0, 0, -8, -13, 7, -21, 22, 56, 42, 50, 0, 0, 
  0, 0, -16, -40, -2, 11, -24, 34, 34, 47, 0, 0, 
  0, 0, -25, -2, 12, 5, 60, 47, 50, 49, 0, 0, 
  0, 0, 0, 0, 0, 0, 0, 0, 0, 0, 0, 0, 
  0, 0, 0, 0, 0, 0, 0, 0, 0, 0, 0, 0
];

var BKING_PSTS = [
  0, 0, 0, 0, 0, 0, 0, 0, 0, 0, 0, 0, 
  0, 0, 0, 0, 0, 0, 0, 0, 0, 0, 0, 0, 
  0, 0, -1, 60, 42, -29, 40, -9, 53, 29, 0, 0, 
  0, 0, 29, 61, 24, -29, -8, 18, 52, 42, 0, 0, 
  0, 0, 16, 27, 2, -22, -24, -9, 24, -6, 0, 0, 
  0, 0, -27, 28, -25, -58, -56, -35, -23, -54, 0, 0, 
  0, 0, -10, 5, -10, -46, -44, -33, -6, -53, 0, 0, 
  0, 0, 32, 25, 22, -50, -14, 30, 58, -8, 0, 0, 
  0, 0, 36, 22, -11, -7, -32, 3, -6, -50, 0, 0, 
  0, 0, -83, 37, 18, -17, -87, -67, 12, -20, 0, 0, 
  0, 0, 0, 0, 0, 0, 0, 0, 0, 0, 0, 0, 
  0, 0, 0, 0, 0, 0, 0, 0, 0, 0, 0, 0
];

var BPAWN_PSTE = [
  0, 0, 0, 0, 0, 0, 0, 0, 0, 0, 0, 0, 
  0, 0, 0, 0, 0, 0, 0, 0, 0, 0, 0, 0, 
  0, 0, 0, 0, 0, 0, 0, 0, 0, 0, 0, 0, 
  0, 0, -3, -11, 3, -5, 14, -5, -16, -16, 0, 0, 
  0, 0, -9, -10, -16, -12, -8, -12, -20, -15, 0, 0, 
  0, 0, 3, -3, -16, -20, -16, -17, -10, -5, 0, 0, 
  0, 0, 6, -6, -11, -25, -20, -14, -4, 3, 0, 0, 
  0, 0, 13, 10, 4, -10, -19, -11, 9, 13, 0, 0, 
  0, 0, 6, 7, 16, 10, 30, -4, 31, 40, 0, 0, 
  0, 0, 0, 0, 0, 0, 0, 0, 0, 0, 0, 0, 
  0, 0, 0, 0, 0, 0, 0, 0, 0, 0, 0, 0, 
  0, 0, 0, 0, 0, 0, 0, 0, 0, 0, 0, 0
];

var BKNIGHT_PSTE = [
  0, 0, 0, 0, 0, 0, 0, 0, 0, 0, 0, 0, 
  0, 0, 0, 0, 0, 0, 0, 0, 0, 0, 0, 0, 
  0, 0, -39, -61, -40, -29, -44, -40, -62, -94, 0, 0, 
  0, 0, -56, -34, -23, -18, -19, -33, -40, -64, 0, 0, 
  0, 0, -37, -15, -12, -4, -8, -14, -34, -35, 0, 0, 
  0, 0, -30, -28, 2, 10, 3, 3, -9, -35, 0, 0, 
  0, 0, -32, -15, 9, 3, 11, -13, -16, -38, 0, 0, 
  0, 0, -40, -37, -5, -9, -31, -26, -40, -63, 0, 0, 
  0, 0, -42, -23, -37, -10, -21, -41, -42, -71, 0, 0, 
  0, 0, -62, -55, -24, -41, -44, -45, -75, -113, 0, 0, 
  0, 0, 0, 0, 0, 0, 0, 0, 0, 0, 0, 0, 
  0, 0, 0, 0, 0, 0, 0, 0, 0, 0, 0, 0
];

var BBISHOP_PSTE = [
  0, 0, 0, 0, 0, 0, 0, 0, 0, 0, 0, 0, 
  0, 0, 0, 0, 0, 0, 0, 0, 0, 0, 0, 0, 
  0, 0, -43, -33, -38, -29, -33, -32, -30, -38, 0, 0, 
  0, 0, -39, -38, -34, -25, -23, -34, -41, -52, 0, 0, 
  0, 0, -33, -28, -20, -24, -19, -30, -30, -35, 0, 0, 
  0, 0, -32, -26, -15, -14, -26, -18, -33, -36, 0, 0, 
  0, 0, -29, -17, -17, -21, -16, -23, -25, -24, 0, 0, 
  0, 0, -14, -30, -27, -29, -27, -31, -26, -16, 0, 0, 
  0, 0, -23, -30, -18, -26, -27, -24, -40, -27, 0, 0, 
  0, 0, -33, -40, -23, -26, -19, -23, -42, -44, 0, 0, 
  0, 0, 0, 0, 0, 0, 0, 0, 0, 0, 0, 0, 
  0, 0, 0, 0, 0, 0, 0, 0, 0, 0, 0, 0
];

var BROOK_PSTE = [
  0, 0, 0, 0, 0, 0, 0, 0, 0, 0, 0, 0, 
  0, 0, 0, 0, 0, 0, 0, 0, 0, 0, 0, 0, 
  0, 0, 14, 19, 16, 11, 8, 11, 17, -7, 0, 0, 
  0, 0, 20, 14, 15, 15, 6, 6, 4, 23, 0, 0, 
  0, 0, 26, 22, 12, 15, 6, 9, 10, 11, 0, 0, 
  0, 0, 33, 33, 31, 24, 14, 18, 12, 20, 0, 0, 
  0, 0, 37, 31, 35, 21, 22, 24, 24, 36, 0, 0, 
  0, 0, 34, 34, 29, 30, 25, 21, 19, 21, 0, 0, 
  0, 0, 26, 21, 18, 13, 2, 16, 29, 24, 0, 0, 
  0, 0, 35, 28, 34, 30, 33, 30, 30, 28, 0, 0, 
  0, 0, 0, 0, 0, 0, 0, 0, 0, 0, 0, 0, 
  0, 0, 0, 0, 0, 0, 0, 0, 0, 0, 0, 0
];

var BQUEEN_PSTE = [
  0, 0, 0, 0, 0, 0, 0, 0, 0, 0, 0, 0, 
  0, 0, 0, 0, 0, 0, 0, 0, 0, 0, 0, 0, 
  0, 0, -37, -35, -24, -34, 5, -32, -21, -47, 0, 0, 
  0, 0, -17, -25, -24, -13, -12, -23, -40, -32, 0, 0, 
  0, 0, 11, -29, 18, 5, 4, 23, 22, 22, 0, 0, 
  0, 0, -10, 42, 25, 57, 35, 39, 43, 30, 0, 0, 
  0, 0, 26, 33, 33, 59, 63, 50, 69, 52, 0, 0, 
  0, 0, -10, 14, 11, 69, 63, 40, 39, 22, 0, 0, 
  0, 0, -17, 13, 21, 31, 59, 30, 20, 16, 0, 0, 
  0, 0, -9, 27, 32, 34, 33, 29, 10, 28, 0, 0, 
  0, 0, 0, 0, 0, 0, 0, 0, 0, 0, 0, 0, 
  0, 0, 0, 0, 0, 0, 0, 0, 0, 0, 0, 0
];

var BKING_PSTE = [
  0, 0, 0, 0, 0, 0, 0, 0, 0, 0, 0, 0, 
  0, 0, 0, 0, 0, 0, 0, 0, 0, 0, 0, 0, 
  0, 0, -81, -63, -46, -31, -57, -31, -54, -75, 0, 0, 
  0, 0, -49, -40, -18, -10, -7, -17, -30, -44, 0, 0, 
  0, 0, -37, -23, -7, 1, 4, -1, -14, -26, 0, 0, 
  0, 0, -34, -23, 6, 12, 15, 10, -5, -19, 0, 0, 
  0, 0, -19, 3, 9, 13, 14, 23, 16, -6, 0, 0, 
  0, 0, -15, 1, -2, 7, 6, 35, 28, -2, 0, 0, 
  0, 0, -32, -15, -3, 0, 8, 21, 0, -4, 0, 0, 
  0, 0, -135, -64, -35, -51, -26, -1, -31, -44, 0, 0, 
  0, 0, 0, 0, 0, 0, 0, 0, 0, 0, 0, 0, 
  0, 0, 0, 0, 0, 0, 0, 0, 0, 0, 0, 0
];

var WOUTPOST = [
  0, 0, 0, 0, 0, 0, 0, 0, 0, 0, 0, 0, 
  0, 0, 0, 0, 0, 0, 0, 0, 0, 0, 0, 0, 
  0, 0, 0, 0, 0, 0, 0, 0, 0, 0, 0, 0, 
  0, 0, 0, 0, 0, 0, 0, 0, 0, 0, 0, 0, 
  0, 0, 0, 18, 17, 14, 23, 24, 23, 0, 0, 0, 
  0, 0, 0, 12, 19, 29, 17, 39, 46, 0, 0, 0, 
  0, 0, 0, 18, 21, 21, 18, 26, 22, 0, 0, 0, 
  0, 0, 0, 0, 0, 0, 0, 0, 0, 0, 0, 0, 
  0, 0, 0, 0, 0, 0, 0, 0, 0, 0, 0, 0, 
  0, 0, 0, 0, 0, 0, 0, 0, 0, 0, 0, 0, 
  0, 0, 0, 0, 0, 0, 0, 0, 0, 0, 0, 0, 
  0, 0, 0, 0, 0, 0, 0, 0, 0, 0, 0, 0
];

var BOUTPOST = [
  0, 0, 0, 0, 0, 0, 0, 0, 0, 0, 0, 0, 
  0, 0, 0, 0, 0, 0, 0, 0, 0, 0, 0, 0, 
  0, 0, 0, 0, 0, 0, 0, 0, 0, 0, 0, 0, 
  0, 0, 0, 0, 0, 0, 0, 0, 0, 0, 0, 0, 
  0, 0, 0, 0, 0, 0, 0, 0, 0, 0, 0, 0, 
  0, 0, 0, 18, 21, 21, 18, 26, 22, 0, 0, 0, 
  0, 0, 0, 12, 19, 29, 17, 39, 46, 0, 0, 0, 
  0, 0, 0, 18, 17, 14, 23, 24, 23, 0, 0, 0, 
  0, 0, 0, 0, 0, 0, 0, 0, 0, 0, 0, 0, 
  0, 0, 0, 0, 0, 0, 0, 0, 0, 0, 0, 0, 
  0, 0, 0, 0, 0, 0, 0, 0, 0, 0, 0, 0, 
  0, 0, 0, 0, 0, 0, 0, 0, 0, 0, 0, 0
];

var EV = [5,-1,7,2,4,2,2,4,1,1,4,3,21,5,10,13,13,9,9,-3,-1,49,99,23,7,26,18,-1,-3,20,41,7,3,14,56,102,91,792,40,26,1,-1,0,0,0,0,61,21,21,2];

var WSHELTER = [0,0,0,7,12,13,36,12,0,28];

var WSTORM = [0,0,0,35,7,4,-8,-1,0,5];

var ATT_W = [0,0.01,0.41999999999999993,0.78,1.1,1.7400000000000007,0.97,0.99];

var PAWN_PASSED = [0,0,0,0,0.1,0.30000000000000004,0.6999999999999998,1.2000000000000175,0];

var imbalN_S = [-92,1,1,-2,2,-1,0,8,22];

var imbalN_E = [-90,-27,-17,-10,-3,2,15,23,23];

var imbalB_S = [-30,-2,3,2,1,4,4,9,12];

var imbalB_E = [20,-14,-11,-8,-10,-6,-3,-2,14];

var imbalR_S = [32,5,-2,-6,-7,-8,-4,-4,-3];

var imbalR_E = [2,-5,1,3,2,5,8,15,23];

var imbalQ_S = [2,-7,-4,2,2,2,-1,-3,-17];

var imbalQ_E = [-16,-13,-1,-3,-7,-5,0,-4,-7];

// K=1.603// bestErr=0.05574128807755455
// last update Wed Mar 17 2021 07:26:54 GMT+0000 (Greenwich Mean Time)

